=== square background k=8  (m,n,p)=(8,0,8)  |V|=64  #diagrams=1485265 ===
  #1750: |dots|=12 dots=[(0, 0), (0, 1), (1, 0), (1, 3), (2, 5), (2, 7), (4, 4), (4, 5), (5, 4), (5, 7), (6, 1), (6, 3)]
       surface = '#^0T^2'
  #5590: |dots|=12 dots=[(0, 0), (0, 1), (1, 0), (1, 6), (3, 1), (3, 6), (4, 4), (4, 5), (5, 2), (5, 4), (7, 2), (7, 5)]
       surface = '#^0T^2'
  #12444: |dots|=12 dots=[(0, 0), (0, 1), (1, 2), (1, 4), (3, 3), (3, 6), (4, 0), (4, 1), (5, 2), (5, 4), (7, 3), (7, 6)]
       surface = '#^0T^2'
  #15623: |dots|=12 dots=[(0, 0), (0, 1), (1, 2), (1, 7), (2, 4), (2, 6), (4, 0), (4, 1), (5, 2), (5, 7), (6, 4), (6, 6)]
       surface = '#^0T^2'
  #16222: |dots|=12 dots=[(0, 0), (0, 1), (1, 3), (1, 4), (2, 0), (2, 1), (4, 6), (4, 7), (5, 3), (5, 4), (6, 6), (6, 7)]
       surface = '#^0T^2'
  #17018: |dots|=12 dots=[(0, 0), (0, 1), (1, 3), (1, 4), (2, 1), (2, 7), (4, 4), (4, 5), (5, 0), (5, 7), (6, 3), (6, 5)]
       surface = '#^0T^2'
  #18257: |dots|=12 dots=[(0, 0), (0, 1), (1, 3), (1, 4), (3, 1), (3, 7), (4, 4), (4, 5), (5, 0), (5, 7), (7, 3), (7, 5)]
       surface = '#^0T^2'
  #18311: |dots|=8 dots=[(0, 0), (0, 1), (1, 3), (1, 4), (3, 3), (3, 4), (6, 0), (6, 1)]
       surface = '#^0T^2'
  #18352: |dots|=12 dots=[(0, 0), (0, 1), (1, 3), (1, 4), (3, 5), (3, 6), (4, 0), (4, 1), (5, 5), (5, 6), (7, 3), (7, 4)]
       surface = '#^0T^2'
  #18362: |dots|=12 dots=[(0, 0), (0, 1), (1, 3), (1, 4), (3, 5), (3, 7), (4, 3), (4, 4), (5, 0), (5, 1), (6, 5), (6, 7)]
       surface = '#^0T^2'
  #18988: |dots|=12 dots=[(0, 0), (0, 1), (1, 3), (1, 5), (2, 0), (2, 7), (4, 4), (4, 5), (5, 1), (5, 7), (6, 3), (6, 4)]
       surface = '#^0T^2'
  #20177: |dots|=12 dots=[(0, 0), (0, 1), (1, 3), (1, 5), (2, 4), (2, 7), (4, 0), (4, 1), (5, 3), (5, 5), (6, 4), (6, 7)]
       surface = '#^0T^2'
  #20728: |dots|=12 dots=[(0, 0), (0, 1), (1, 3), (1, 5), (3, 3), (3, 4), (4, 1), (4, 2), (6, 0), (6, 2), (7, 4), (7, 5)]
       surface = '#^0T^2'
  #23184: |dots|=12 dots=[(0, 0), (0, 1), (1, 3), (1, 6), (3, 5), (3, 7), (4, 0), (4, 1), (5, 3), (5, 6), (7, 5), (7, 7)]
       surface = '#^0T^2'
  #26511: |dots|=12 dots=[(0, 0), (0, 1), (1, 4), (1, 5), (2, 1), (2, 7), (4, 0), (4, 7), (5, 5), (5, 6), (7, 4), (7, 6)]
       surface = '#^0T^2'
  #26561: |dots|=12 dots=[(0, 0), (0, 1), (1, 4), (1, 5), (2, 2), (2, 3), (4, 2), (4, 3), (5, 0), (5, 1), (6, 4), (6, 5)]
       surface = '#^0T^2'
  #27563: |dots|=12 dots=[(0, 0), (0, 1), (1, 4), (1, 5), (3, 0), (3, 1), (4, 4), (4, 5), (5, 2), (5, 3), (7, 2), (7, 3)]
       surface = '#^0T^2'
  #27794: |dots|=8 dots=[(0, 0), (0, 1), (1, 4), (1, 5), (4, 4), (4, 5), (5, 0), (5, 1)]
       surface = '#^0T^2'
  #30027: |dots|=12 dots=[(0, 0), (0, 1), (1, 4), (1, 6), (3, 1), (3, 2), (4, 4), (4, 5), (5, 0), (5, 2), (7, 5), (7, 6)]
       surface = '#^0T^2'
  #30082: |dots|=12 dots=[(0, 0), (0, 1), (1, 4), (1, 6), (3, 2), (3, 3), (4, 0), (4, 1), (5, 4), (5, 6), (7, 2), (7, 3)]
       surface = '#^0T^2'
  #32566: |dots|=12 dots=[(0, 0), (0, 1), (1, 4), (1, 7), (3, 5), (3, 7), (4, 4), (4, 5), (5, 0), (5, 3), (7, 1), (7, 3)]
       surface = '#^0T^2'
  #32651: |dots|=12 dots=[(0, 0), (0, 1), (1, 5), (1, 6), (2, 0), (2, 1), (4, 2), (4, 3), (5, 5), (5, 6), (6, 2), (6, 3)]
       surface = '#^0T^2'
  #33623: |dots|=12 dots=[(0, 0), (0, 1), (1, 5), (1, 6), (2, 2), (2, 4), (4, 5), (4, 6), (5, 0), (5, 1), (7, 2), (7, 4)]
       surface = '#^0T^2'
  #34656: |dots|=12 dots=[(0, 0), (0, 1), (1, 5), (1, 6), (3, 3), (3, 4), (4, 0), (4, 1), (5, 3), (5, 4), (7, 5), (7, 6)]
       surface = '#^0T^2'
  #34715: |dots|=8 dots=[(0, 0), (0, 1), (1, 5), (1, 6), (4, 0), (4, 1), (5, 5), (5, 6)]
       surface = '#^0T^2'
  #35976: |dots|=12 dots=[(0, 0), (0, 1), (1, 5), (1, 7), (2, 3), (2, 4), (4, 0), (4, 1), (5, 5), (5, 7), (6, 3), (6, 4)]
       surface = '#^0T^2'
  #36710: |dots|=12 dots=[(0, 0), (0, 1), (1, 5), (1, 7), (2, 4), (2, 7), (4, 4), (4, 5), (5, 1), (5, 3), (6, 0), (6, 3)]
       surface = '#^0T^2'
  #36915: |dots|=12 dots=[(0, 0), (0, 1), (1, 5), (1, 7), (3, 0), (3, 1), (4, 3), (4, 4), (6, 5), (6, 7), (7, 3), (7, 4)]
       surface = '#^0T^2'
  #37813: |dots|=12 dots=[(0, 0), (0, 1), (1, 6), (1, 7), (2, 2), (2, 3), (4, 6), (4, 7), (5, 2), (5, 3), (6, 0), (6, 1)]
       surface = '#^0T^2'
  #37913: |dots|=12 dots=[(0, 0), (0, 1), (1, 6), (1, 7), (2, 2), (2, 4), (4, 0), (4, 1), (5, 6), (5, 7), (6, 2), (6, 4)]
       surface = '#^0T^2'
  #39132: |dots|=8 dots=[(0, 0), (0, 1), (1, 6), (1, 7), (3, 0), (3, 1), (6, 6), (6, 7)]
       surface = '#^0T^2'
  #39291: |dots|=12 dots=[(0, 0), (0, 1), (1, 6), (1, 7), (3, 3), (3, 5), (4, 0), (4, 1), (5, 6), (5, 7), (7, 3), (7, 5)]
       surface = '#^0T^2'
  #39372: |dots|=12 dots=[(0, 0), (0, 1), (1, 6), (1, 7), (3, 5), (3, 7), (4, 1), (4, 2), (5, 5), (5, 6), (6, 0), (6, 2)]
       surface = '#^0T^2'
  #39381: |dots|=12 dots=[(0, 0), (0, 1), (1, 6), (1, 7), (3, 6), (3, 7), (4, 4), (4, 5), (5, 0), (5, 1), (7, 4), (7, 5)]
       surface = '#^0T^2'
  #39431: |dots|=8 dots=[(0, 0), (0, 1), (2, 0), (2, 1), (3, 3), (3, 4), (5, 3), (5, 4)]
       surface = '#^0T^2'
  #39474: |dots|=12 dots=[(0, 0), (0, 1), (2, 0), (2, 1), (3, 6), (3, 7), (4, 2), (4, 3), (6, 6), (6, 7), (7, 2), (7, 3)]
       surface = '#^0T^2'
  #39494: |dots|=8 dots=[(0, 0), (0, 1), (2, 0), (2, 1), (4, 4), (4, 5), (6, 4), (6, 5)]
       surface = '#^0T^2'
  #39500: |dots|=8 dots=[(0, 0), (0, 1), (2, 0), (2, 1), (5, 5), (5, 6), (7, 5), (7, 6)]
       surface = '#^0T^2'
  #40149: |dots|=12 dots=[(0, 0), (0, 1), (2, 0), (2, 6), (3, 2), (3, 5), (4, 4), (4, 5), (6, 2), (6, 4), (7, 1), (7, 6)]
       surface = '#^0T^2'
  #41074: |dots|=12 dots=[(0, 0), (0, 1), (2, 1), (2, 6), (3, 0), (3, 6), (4, 4), (4, 5), (6, 2), (6, 5), (7, 2), (7, 4)]
       surface = '#^0T^2'
  #41287: |dots|=12 dots=[(0, 0), (0, 1), (2, 1), (2, 7), (3, 3), (3, 4), (4, 0), (4, 7), (5, 2), (5, 4), (7, 2), (7, 3)]
       surface = '#^0T^2'
  #41398: |dots|=8 dots=[(0, 0), (0, 1), (2, 2), (2, 3), (3, 0), (3, 1), (5, 2), (5, 3)]
       surface = '#^0T^2'
  #41451: |dots|=12 dots=[(0, 0), (0, 1), (2, 2), (2, 3), (3, 5), (3, 6), (4, 2), (4, 3), (6, 0), (6, 1), (7, 5), (7, 6)]
       surface = '#^0T^2'
  #41467: |dots|=8 dots=[(0, 0), (0, 1), (2, 2), (2, 3), (4, 0), (4, 1), (6, 2), (6, 3)]
       surface = '#^0T^2'
  #41481: |dots|=8 dots=[(0, 0), (0, 1), (2, 2), (2, 3), (5, 0), (5, 1), (7, 2), (7, 3)]
       surface = '#^0T^2'
  #41487: |dots|=12 dots=[(0, 0), (0, 1), (2, 2), (2, 4), (3, 0), (3, 1), (4, 5), (4, 6), (5, 2), (5, 4), (7, 5), (7, 6)]
       surface = '#^0T^2'
  #41763: |dots|=12 dots=[(0, 0), (0, 1), (2, 2), (2, 5), (3, 4), (3, 6), (4, 0), (4, 1), (6, 2), (6, 5), (7, 4), (7, 6)]
       surface = '#^0T^2'
  #42519: |dots|=12 dots=[(0, 0), (0, 1), (2, 3), (2, 5), (3, 2), (3, 7), (4, 0), (4, 1), (6, 3), (6, 5), (7, 2), (7, 7)]
       surface = '#^0T^2'
  #42988: |dots|=12 dots=[(0, 0), (0, 1), (2, 4), (2, 5), (3, 0), (3, 1), (4, 6), (4, 7), (6, 6), (6, 7), (7, 4), (7, 5)]
       surface = '#^0T^2'
  #43275: |dots|=8 dots=[(0, 0), (0, 1), (2, 4), (2, 5), (4, 4), (4, 5), (6, 0), (6, 1)]
       surface = '#^0T^2'
  #43335: |dots|=12 dots=[(0, 0), (0, 1), (2, 4), (2, 6), (3, 1), (3, 2), (4, 4), (4, 5), (6, 0), (6, 2), (7, 5), (7, 6)]
       surface = '#^0T^2'
  #43774: |dots|=12 dots=[(0, 0), (0, 1), (2, 5), (2, 6), (3, 0), (3, 2), (4, 4), (4, 5), (6, 1), (6, 2), (7, 4), (7, 6)]
       surface = '#^0T^2'
  #43939: |dots|=12 dots=[(0, 0), (0, 1), (2, 5), (2, 6), (3, 2), (3, 4), (4, 0), (4, 1), (6, 5), (6, 6), (7, 2), (7, 4)]
       surface = '#^0T^2'
  #44212: |dots|=12 dots=[(0, 0), (0, 1), (2, 5), (2, 7), (3, 2), (3, 3), (4, 0), (4, 1), (6, 5), (6, 7), (7, 2), (7, 3)]
       surface = '#^0T^2'
  #44564: |dots|=12 dots=[(0, 0), (0, 1), (2, 6), (2, 7), (3, 3), (3, 4), (4, 6), (4, 7), (6, 0), (6, 1), (7, 3), (7, 4)]
       surface = '#^0T^2'
  #44647: |dots|=8 dots=[(0, 0), (0, 1), (2, 6), (2, 7), (4, 0), (4, 1), (6, 6), (6, 7)]
       surface = '#^0T^2'
  #44686: |dots|=8 dots=[(0, 0), (0, 1), (3, 0), (3, 1), (4, 4), (4, 5), (7, 4), (7, 5)]
       surface = '#^0T^2'
  #45175: |dots|=8 dots=[(0, 0), (0, 1), (3, 3), (3, 4), (4, 0), (4, 1), (7, 3), (7, 4)]
       surface = '#^0T^2'
  #45406: |dots|=8 dots=[(0, 0), (0, 1), (3, 5), (3, 6), (5, 5), (5, 6), (6, 0), (6, 1)]
       surface = '#^0T^2'
  #45474: |dots|=8 dots=[(0, 0), (0, 1), (3, 6), (3, 7), (5, 0), (5, 1), (6, 6), (6, 7)]
       surface = '#^0T^2'
  #46407: |dots|=12 dots=[(0, 0), (0, 2), (1, 0), (1, 2), (2, 4), (2, 6), (3, 4), (3, 6), (5, 1), (5, 5), (6, 1), (6, 5)]
       surface = '#^0T^2'
  #46434: |dots|=12 dots=[(0, 0), (0, 2), (1, 0), (1, 2), (2, 4), (2, 7), (3, 4), (3, 7), (6, 3), (6, 6), (7, 3), (7, 6)]
       surface = '#^0T^2'
  #46671: |dots|=12 dots=[(0, 0), (0, 2), (1, 0), (1, 2), (3, 1), (3, 5), (4, 1), (4, 5), (6, 4), (6, 6), (7, 4), (7, 6)]
       surface = '#^0T^2'
  #46696: |dots|=8 dots=[(0, 0), (0, 2), (1, 0), (1, 2), (3, 3), (3, 5), (4, 3), (4, 5)]
       surface = '#^0T^2'
  #46762: |dots|=8 dots=[(0, 0), (0, 2), (1, 0), (1, 2), (4, 4), (4, 6), (5, 4), (5, 6)]
       surface = '#^0T^2'
  #46767: |dots|=8 dots=[(0, 0), (0, 2), (1, 0), (1, 2), (5, 5), (5, 7), (6, 5), (6, 7)]
       surface = '#^0T^2'
  #49867: |dots|=12 dots=[(0, 0), (0, 2), (1, 0), (1, 5), (3, 1), (3, 6), (4, 4), (4, 6), (5, 1), (5, 4), (7, 2), (7, 5)]
       surface = '#^0T^2'
  #51914: |dots|=12 dots=[(0, 0), (0, 2), (1, 0), (1, 7), (2, 3), (2, 6), (4, 4), (4, 6), (5, 3), (5, 4), (6, 2), (6, 7)]
       surface = '#^0T^2'
  #53171: |dots|=12 dots=[(0, 0), (0, 2), (1, 1), (1, 3), (2, 0), (2, 5), (3, 1), (3, 6), (6, 2), (6, 5), (7, 3), (7, 6)]
       surface = '#^0T^2'
  #53211: |dots|=12 dots=[(0, 0), (0, 2), (1, 1), (1, 3), (2, 0), (2, 6), (3, 1), (3, 7), (5, 2), (5, 6), (6, 3), (6, 7)]
       surface = '#^0T^2'
  #53653: |dots|=8 dots=[(0, 0), (0, 2), (1, 1), (1, 3), (3, 0), (3, 2), (4, 1), (4, 3)]
       surface = '#^0T^2'
  #53657: |dots|=12 dots=[(0, 0), (0, 2), (1, 1), (1, 3), (3, 0), (3, 4), (4, 1), (4, 5), (6, 2), (6, 4), (7, 3), (7, 5)]
       surface = '#^0T^2'
  #53746: |dots|=8 dots=[(0, 0), (0, 2), (1, 1), (1, 3), (4, 0), (4, 2), (5, 1), (5, 3)]
       surface = '#^0T^2'
  #53761: |dots|=8 dots=[(0, 0), (0, 2), (1, 1), (1, 3), (5, 0), (5, 2), (6, 1), (6, 3)]
       surface = '#^0T^2'
  #55006: |dots|=12 dots=[(0, 0), (0, 2), (1, 1), (1, 4), (3, 5), (3, 6), (4, 0), (4, 2), (5, 1), (5, 4), (7, 5), (7, 6)]
       surface = '#^0T^2'
  #55899: |dots|=12 dots=[(0, 0), (0, 2), (1, 1), (1, 5), (2, 4), (2, 6), (3, 0), (3, 2), (4, 1), (4, 5), (5, 4), (5, 6)]
       surface = '#^0T^2'
  #55932: |dots|=12 dots=[(0, 0), (0, 2), (1, 1), (1, 5), (2, 4), (2, 6), (5, 0), (5, 2), (6, 1), (6, 5), (7, 4), (7, 6)]
       surface = '#^0T^2'
  #57304: |dots|=12 dots=[(0, 0), (0, 2), (1, 1), (1, 6), (2, 4), (2, 7), (4, 0), (4, 2), (5, 1), (5, 6), (6, 4), (6, 7)]
       surface = '#^0T^2'
  #60974: |dots|=12 dots=[(0, 0), (0, 2), (1, 2), (1, 5), (2, 0), (2, 5), (4, 4), (4, 6), (5, 1), (5, 6), (6, 1), (6, 4)]
       surface = '#^0T^2'
  #62330: |dots|=12 dots=[(0, 0), (0, 2), (1, 2), (1, 6), (2, 0), (2, 6), (3, 3), (3, 5), (4, 1), (4, 5), (5, 1), (5, 3)]
       surface = '#^0T^2'
  #62351: |dots|=12 dots=[(0, 0), (0, 2), (1, 2), (1, 6), (2, 0), (2, 6), (5, 5), (5, 7), (6, 3), (6, 7), (7, 3), (7, 5)]
       surface = '#^0T^2'
  #64563: |dots|=12 dots=[(0, 0), (0, 2), (1, 2), (1, 7), (3, 0), (3, 7), (4, 4), (4, 6), (5, 3), (5, 6), (7, 3), (7, 4)]
       surface = '#^0T^2'
  #65200: |dots|=12 dots=[(0, 0), (0, 2), (1, 3), (1, 4), (2, 1), (2, 6), (4, 0), (4, 2), (5, 3), (5, 4), (6, 1), (6, 6)]
       surface = '#^0T^2'
  #68469: |dots|=12 dots=[(0, 0), (0, 2), (1, 3), (1, 6), (3, 4), (3, 7), (4, 0), (4, 2), (5, 3), (5, 6), (7, 4), (7, 7)]
       surface = '#^0T^2'
  #69895: |dots|=12 dots=[(0, 0), (0, 2), (1, 4), (1, 5), (2, 0), (2, 1), (3, 3), (3, 5), (5, 3), (5, 4), (6, 1), (6, 2)]
       surface = '#^0T^2'
  #72042: |dots|=12 dots=[(0, 0), (0, 2), (1, 4), (1, 5), (3, 1), (3, 2), (4, 4), (4, 6), (5, 0), (5, 1), (7, 5), (7, 6)]
       surface = '#^0T^2'
  #72096: |dots|=12 dots=[(0, 0), (0, 2), (1, 4), (1, 5), (3, 1), (3, 6), (4, 0), (4, 2), (5, 4), (5, 5), (7, 1), (7, 6)]
       surface = '#^0T^2'
  #73238: |dots|=12 dots=[(0, 0), (0, 2), (1, 4), (1, 6), (2, 1), (2, 5), (3, 0), (3, 2), (6, 4), (6, 6), (7, 1), (7, 5)]
       surface = '#^0T^2'
  #74369: |dots|=12 dots=[(0, 0), (0, 2), (1, 4), (1, 6), (2, 4), (2, 6), (4, 1), (4, 5), (5, 1), (5, 5), (7, 0), (7, 2)]
       surface = '#^0T^2'
  #74919: |dots|=8 dots=[(0, 0), (0, 2), (1, 4), (1, 6), (4, 4), (4, 6), (5, 0), (5, 2)]
       surface = '#^0T^2'
  #75131: |dots|=12 dots=[(0, 0), (0, 2), (1, 4), (1, 7), (2, 0), (2, 5), (5, 1), (5, 4), (6, 2), (6, 5), (7, 1), (7, 7)]
       surface = '#^0T^2'
  #76784: |dots|=12 dots=[(0, 0), (0, 2), (1, 4), (1, 7), (2, 4), (2, 7), (5, 3), (5, 6), (6, 3), (6, 6), (7, 0), (7, 2)]
       surface = '#^0T^2'
  #76897: |dots|=12 dots=[(0, 0), (0, 2), (1, 4), (1, 7), (2, 5), (2, 6), (4, 0), (4, 2), (5, 4), (5, 7), (6, 5), (6, 6)]
       surface = '#^0T^2'
  #77093: |dots|=12 dots=[(0, 0), (0, 2), (1, 4), (1, 7), (2, 6), (2, 7), (4, 4), (4, 6), (5, 0), (5, 3), (6, 2), (6, 3)]
       surface = '#^0T^2'
  #77504: |dots|=12 dots=[(0, 0), (0, 2), (1, 5), (1, 6), (2, 0), (2, 1), (4, 4), (4, 6), (5, 1), (5, 2), (6, 4), (6, 5)]
       surface = '#^0T^2'
  #78891: |dots|=12 dots=[(0, 0), (0, 2), (1, 5), (1, 6), (2, 3), (2, 4), (4, 0), (4, 2), (5, 5), (5, 6), (6, 3), (6, 4)]
       surface = '#^0T^2'
  #80077: |dots|=12 dots=[(0, 0), (0, 2), (1, 5), (1, 7), (2, 0), (2, 6), (4, 1), (4, 5), (5, 2), (5, 6), (7, 1), (7, 7)]
       surface = '#^0T^2'
  #81690: |dots|=12 dots=[(0, 0), (0, 2), (1, 5), (1, 7), (2, 3), (2, 7), (3, 3), (3, 5), (6, 2), (6, 4), (7, 0), (7, 4)]
       surface = '#^0T^2'
  #82420: |dots|=8 dots=[(0, 0), (0, 2), (1, 5), (1, 7), (4, 0), (4, 2), (5, 5), (5, 7)]
       surface = '#^0T^2'
  #83653: |dots|=12 dots=[(0, 0), (0, 2), (1, 6), (1, 7), (2, 3), (2, 4), (3, 0), (3, 2), (5, 3), (5, 4), (6, 6), (6, 7)]
       surface = '#^0T^2'
  #84708: |dots|=12 dots=[(0, 0), (0, 2), (1, 6), (1, 7), (3, 3), (3, 4), (4, 0), (4, 2), (5, 6), (5, 7), (7, 3), (7, 4)]
       surface = '#^0T^2'
  #84799: |dots|=12 dots=[(0, 0), (0, 2), (1, 6), (1, 7), (3, 4), (3, 7), (4, 4), (4, 6), (5, 2), (5, 3), (7, 0), (7, 3)]
       surface = '#^0T^2'
  #85020: |dots|=12 dots=[(0, 0), (0, 2), (2, 0), (2, 1), (3, 6), (3, 7), (5, 5), (5, 7), (6, 1), (6, 2), (7, 5), (7, 6)]
       surface = '#^0T^2'
  #85302: |dots|=12 dots=[(0, 0), (0, 2), (2, 0), (2, 3), (3, 6), (3, 7), (4, 4), (4, 6), (6, 4), (6, 7), (7, 2), (7, 3)]
       surface = '#^0T^2'
  #85862: |dots|=12 dots=[(0, 0), (0, 2), (2, 0), (2, 7), (3, 2), (3, 7), (4, 4), (4, 6), (6, 3), (6, 4), (7, 3), (7, 6)]
       surface = '#^0T^2'
  #86526: |dots|=12 dots=[(0, 0), (0, 2), (2, 1), (2, 4), (3, 6), (3, 7), (4, 0), (4, 2), (6, 1), (6, 4), (7, 6), (7, 7)]
       surface = '#^0T^2'
  #86659: |dots|=12 dots=[(0, 0), (0, 2), (2, 1), (2, 5), (3, 1), (3, 5), (5, 4), (5, 6), (6, 4), (6, 6), (7, 0), (7, 2)]
       surface = '#^0T^2'
  #86959: |dots|=12 dots=[(0, 0), (0, 2), (2, 1), (2, 6), (3, 1), (3, 4), (4, 4), (4, 6), (6, 2), (6, 5), (7, 0), (7, 5)]
       surface = '#^0T^2'
  #87152: |dots|=8 dots=[(0, 0), (0, 2), (2, 1), (2, 7), (3, 0), (3, 2), (7, 1), (7, 7)]
       surface = '#^0T^2'
  #88098: |dots|=12 dots=[(0, 0), (0, 2), (2, 3), (2, 4), (3, 6), (3, 7), (5, 0), (5, 2), (6, 6), (6, 7), (7, 3), (7, 4)]
       surface = '#^0T^2'
  #88322: |dots|=8 dots=[(0, 0), (0, 2), (2, 3), (2, 5), (3, 3), (3, 5), (7, 0), (7, 2)]
       surface = '#^0T^2'
  #88494: |dots|=12 dots=[(0, 0), (0, 2), (2, 3), (2, 6), (3, 1), (3, 4), (4, 0), (4, 2), (6, 3), (6, 6), (7, 1), (7, 4)]
       surface = '#^0T^2'
  #88704: |dots|=12 dots=[(0, 0), (0, 2), (2, 3), (2, 7), (3, 0), (3, 4), (5, 1), (5, 3), (6, 2), (6, 4), (7, 1), (7, 7)]
       surface = '#^0T^2'
  #89143: |dots|=12 dots=[(0, 0), (0, 2), (2, 4), (2, 5), (3, 3), (3, 6), (4, 0), (4, 2), (6, 4), (6, 5), (7, 3), (7, 6)]
       surface = '#^0T^2'
  #89543: |dots|=12 dots=[(0, 0), (0, 2), (2, 5), (2, 6), (3, 0), (3, 1), (4, 4), (4, 6), (6, 1), (6, 2), (7, 4), (7, 5)]
       surface = '#^0T^2'
  #90309: |dots|=12 dots=[(0, 0), (0, 2), (2, 6), (2, 7), (3, 4), (3, 5), (4, 0), (4, 2), (6, 6), (6, 7), (7, 4), (7, 5)]
       surface = '#^0T^2'
  #90423: |dots|=8 dots=[(0, 0), (0, 2), (3, 0), (3, 2), (4, 4), (4, 6), (7, 4), (7, 6)]
       surface = '#^0T^2'
  #90720: |dots|=8 dots=[(0, 0), (0, 2), (3, 1), (3, 7), (4, 0), (4, 2), (7, 1), (7, 7)]
       surface = '#^0T^2'
  #90734: |dots|=12 dots=[(0, 0), (0, 2), (3, 1), (3, 7), (4, 1), (4, 5), (5, 5), (5, 7), (6, 2), (6, 4), (7, 0), (7, 4)]
       surface = '#^0T^2'
  #90904: |dots|=8 dots=[(0, 0), (0, 2), (3, 3), (3, 5), (4, 0), (4, 2), (7, 3), (7, 5)]
       surface = '#^0T^2'
  #91012: |dots|=12 dots=[(0, 0), (0, 2), (3, 4), (3, 6), (4, 1), (4, 5), (5, 0), (5, 2), (6, 4), (6, 6), (7, 1), (7, 5)]
       surface = '#^0T^2'
  #91039: |dots|=8 dots=[(0, 0), (0, 2), (3, 4), (3, 6), (4, 4), (4, 6), (7, 0), (7, 2)]
       surface = '#^0T^2'
  #91197: |dots|=8 dots=[(0, 0), (0, 2), (4, 1), (4, 7), (5, 0), (5, 2), (7, 1), (7, 7)]
       surface = '#^0T^2'
  #91236: |dots|=8 dots=[(0, 0), (0, 2), (4, 5), (4, 7), (5, 5), (5, 7), (7, 0), (7, 2)]
       surface = '#^0T^2'
  #92960: |dots|=12 dots=[(0, 0), (0, 3), (1, 0), (1, 2), (2, 6), (2, 7), (4, 4), (4, 7), (5, 4), (5, 6), (6, 2), (6, 3)]
       surface = '#^0T^2'
  #93320: |dots|=8 dots=[(0, 0), (0, 3), (1, 0), (1, 3), (2, 2), (2, 5), (3, 2), (3, 5)]
       surface = '#^0T^2'
  #93329: |dots|=12 dots=[(0, 0), (0, 3), (1, 0), (1, 3), (2, 2), (2, 5), (4, 2), (4, 5), (5, 4), (5, 7), (6, 4), (6, 7)]
       surface = '#^0T^2'
  #93591: |dots|=12 dots=[(0, 0), (0, 3), (1, 0), (1, 3), (2, 5), (2, 7), (3, 5), (3, 7), (4, 1), (4, 4), (5, 1), (5, 4)]
       surface = '#^0T^2'
  #93778: |dots|=12 dots=[(0, 0), (0, 3), (1, 0), (1, 3), (3, 4), (3, 7), (4, 4), (4, 7), (5, 1), (5, 6), (7, 1), (7, 6)]
       surface = '#^0T^2'
  #93811: |dots|=12 dots=[(0, 0), (0, 3), (1, 0), (1, 3), (4, 2), (4, 7), (5, 2), (5, 7), (6, 4), (6, 6), (7, 4), (7, 6)]
       surface = '#^0T^2'
  #93814: |dots|=8 dots=[(0, 0), (0, 3), (1, 0), (1, 3), (4, 4), (4, 7), (5, 4), (5, 7)]
       surface = '#^0T^2'
  #93820: |dots|=8 dots=[(0, 0), (0, 3), (1, 0), (1, 3), (6, 1), (6, 6), (7, 1), (7, 6)]
       surface = '#^0T^2'
  #96399: |dots|=12 dots=[(0, 0), (0, 3), (1, 0), (1, 6), (2, 3), (2, 6), (4, 4), (4, 7), (5, 2), (5, 4), (6, 2), (6, 7)]
       surface = '#^0T^2'
  #99355: |dots|=12 dots=[(0, 0), (0, 3), (1, 1), (1, 2), (3, 4), (3, 6), (4, 0), (4, 3), (5, 1), (5, 2), (7, 4), (7, 6)]
       surface = '#^0T^2'
  #100095: |dots|=8 dots=[(0, 0), (0, 3), (1, 1), (1, 4), (2, 0), (2, 3), (3, 1), (3, 4)]
       surface = '#^0T^2'
  #100110: |dots|=12 dots=[(0, 0), (0, 3), (1, 1), (1, 4), (2, 0), (2, 3), (4, 2), (4, 5), (5, 1), (5, 4), (6, 2), (6, 5)]
       surface = '#^0T^2'
  #100140: |dots|=12 dots=[(0, 0), (0, 3), (1, 1), (1, 4), (2, 0), (2, 6), (3, 1), (3, 7), (4, 3), (4, 6), (5, 4), (5, 7)]
       surface = '#^0T^2'
  #100698: |dots|=12 dots=[(0, 0), (0, 3), (1, 1), (1, 4), (3, 2), (3, 7), (4, 0), (4, 3), (5, 2), (5, 7), (7, 1), (7, 4)]
       surface = '#^0T^2'
  #100725: |dots|=8 dots=[(0, 0), (0, 3), (1, 1), (1, 4), (4, 0), (4, 3), (5, 1), (5, 4)]
       surface = '#^0T^2'
  #100726: |dots|=12 dots=[(0, 0), (0, 3), (1, 1), (1, 4), (4, 0), (4, 5), (5, 1), (5, 6), (6, 3), (6, 5), (7, 4), (7, 6)]
       surface = '#^0T^2'
  #100743: |dots|=8 dots=[(0, 0), (0, 3), (1, 1), (1, 4), (6, 0), (6, 3), (7, 1), (7, 4)]
       surface = '#^0T^2'
  #103061: |dots|=12 dots=[(0, 0), (0, 3), (1, 1), (1, 6), (2, 5), (2, 7), (4, 0), (4, 3), (5, 1), (5, 6), (6, 5), (6, 7)]
       surface = '#^0T^2'
  #103201: |dots|=12 dots=[(0, 0), (0, 3), (1, 1), (1, 6), (3, 2), (3, 4), (4, 0), (4, 3), (5, 1), (5, 6), (7, 2), (7, 4)]
       surface = '#^0T^2'
  #104519: |dots|=12 dots=[(0, 0), (0, 3), (1, 1), (1, 7), (3, 2), (3, 5), (4, 0), (4, 3), (5, 1), (5, 7), (7, 2), (7, 5)]
       surface = '#^0T^2'
  #105669: |dots|=12 dots=[(0, 0), (0, 3), (1, 2), (1, 3), (3, 0), (3, 2), (4, 4), (4, 7), (5, 6), (5, 7), (7, 4), (7, 6)]
       surface = '#^0T^2'
  #106920: |dots|=12 dots=[(0, 0), (0, 3), (1, 2), (1, 4), (2, 6), (2, 7), (4, 0), (4, 3), (5, 2), (5, 4), (6, 6), (6, 7)]
       surface = '#^0T^2'
  #108429: |dots|=12 dots=[(0, 0), (0, 3), (1, 2), (1, 5), (2, 2), (2, 5), (4, 1), (4, 6), (5, 1), (5, 6), (6, 0), (6, 3)]
       surface = '#^0T^2'
  #108430: |dots|=8 dots=[(0, 0), (0, 3), (1, 2), (1, 5), (2, 2), (2, 5), (7, 0), (7, 3)]
       surface = '#^0T^2'
  #109498: |dots|=12 dots=[(0, 0), (0, 3), (1, 2), (1, 5), (3, 2), (3, 5), (4, 4), (4, 7), (5, 4), (5, 7), (7, 0), (7, 3)]
       surface = '#^0T^2'
  #112310: |dots|=12 dots=[(0, 0), (0, 3), (1, 2), (1, 7), (2, 0), (2, 3), (4, 1), (4, 6), (5, 2), (5, 7), (6, 1), (6, 6)]
       surface = '#^0T^2'
  #112314: |dots|=8 dots=[(0, 0), (0, 3), (1, 2), (1, 7), (2, 0), (2, 3), (7, 2), (7, 7)]
       surface = '#^0T^2'
  #114557: |dots|=12 dots=[(0, 0), (0, 3), (1, 2), (1, 7), (3, 1), (3, 4), (4, 0), (4, 3), (5, 1), (5, 4), (7, 2), (7, 7)]
       surface = '#^0T^2'
  #116534: |dots|=12 dots=[(0, 0), (0, 3), (1, 3), (1, 5), (3, 1), (3, 4), (4, 4), (4, 7), (5, 1), (5, 7), (7, 0), (7, 5)]
       surface = '#^0T^2'
  #116906: |dots|=12 dots=[(0, 0), (0, 3), (1, 3), (1, 6), (2, 0), (2, 6), (4, 4), (4, 7), (5, 2), (5, 7), (6, 2), (6, 4)]
       surface = '#^0T^2'
  #117846: |dots|=12 dots=[(0, 0), (0, 3), (1, 3), (1, 6), (3, 2), (3, 4), (4, 4), (4, 7), (5, 2), (5, 7), (7, 0), (7, 6)]
       surface = '#^0T^2'
  #121328: |dots|=12 dots=[(0, 0), (0, 3), (1, 4), (1, 6), (2, 2), (2, 7), (4, 0), (4, 3), (5, 4), (5, 6), (6, 2), (6, 7)]
       surface = '#^0T^2'
  #124236: |dots|=12 dots=[(0, 0), (0, 3), (1, 5), (1, 6), (2, 1), (2, 7), (4, 0), (4, 3), (5, 5), (5, 6), (6, 1), (6, 7)]
       surface = '#^0T^2'
  #125675: |dots|=12 dots=[(0, 0), (0, 3), (1, 5), (1, 7), (2, 0), (2, 6), (3, 2), (3, 5), (4, 3), (4, 6), (7, 2), (7, 7)]
       surface = '#^0T^2'
  #127620: |dots|=12 dots=[(0, 0), (0, 3), (1, 5), (1, 7), (2, 5), (2, 7), (3, 1), (3, 4), (4, 1), (4, 4), (7, 0), (7, 3)]
       surface = '#^0T^2'
  #127750: |dots|=12 dots=[(0, 0), (0, 3), (1, 5), (1, 7), (3, 1), (3, 2), (4, 0), (4, 3), (5, 5), (5, 7), (7, 1), (7, 2)]
       surface = '#^0T^2'
  #127840: |dots|=12 dots=[(0, 0), (0, 3), (1, 5), (1, 7), (3, 4), (3, 5), (4, 4), (4, 7), (5, 1), (5, 3), (7, 0), (7, 1)]
       surface = '#^0T^2'
  #129828: |dots|=12 dots=[(0, 0), (0, 3), (1, 6), (1, 7), (2, 4), (2, 6), (4, 4), (4, 7), (5, 2), (5, 3), (6, 0), (6, 2)]
       surface = '#^0T^2'
  #130452: |dots|=12 dots=[(0, 0), (0, 3), (2, 0), (2, 1), (3, 5), (3, 7), (4, 4), (4, 7), (6, 4), (6, 5), (7, 1), (7, 3)]
       surface = '#^0T^2'
  #130657: |dots|=12 dots=[(0, 0), (0, 3), (2, 0), (2, 3), (3, 2), (3, 5), (4, 2), (4, 5), (6, 1), (6, 6), (7, 1), (7, 6)]
       surface = '#^0T^2'
  #130741: |dots|=8 dots=[(0, 0), (0, 3), (2, 0), (2, 3), (4, 4), (4, 7), (6, 4), (6, 7)]
       surface = '#^0T^2'
  #131687: |dots|=12 dots=[(0, 0), (0, 3), (2, 1), (2, 3), (3, 0), (3, 1), (4, 4), (4, 7), (6, 5), (6, 7), (7, 4), (7, 5)]
       surface = '#^0T^2'
  #132027: |dots|=12 dots=[(0, 0), (0, 3), (2, 1), (2, 4), (3, 1), (3, 7), (4, 4), (4, 7), (6, 0), (6, 5), (7, 3), (7, 5)]
       surface = '#^0T^2'
  #132179: |dots|=12 dots=[(0, 0), (0, 3), (2, 1), (2, 4), (3, 5), (3, 7), (4, 0), (4, 3), (6, 1), (6, 4), (7, 5), (7, 7)]
       surface = '#^0T^2'
  #132632: |dots|=12 dots=[(0, 0), (0, 3), (2, 1), (2, 6), (3, 2), (3, 7), (4, 1), (4, 6), (6, 0), (6, 3), (7, 2), (7, 7)]
       surface = '#^0T^2'
  #132759: |dots|=8 dots=[(0, 0), (0, 3), (2, 1), (2, 6), (4, 0), (4, 3), (6, 1), (6, 6)]
       surface = '#^0T^2'
  #132851: |dots|=12 dots=[(0, 0), (0, 3), (2, 1), (2, 7), (3, 1), (3, 4), (4, 4), (4, 7), (6, 3), (6, 5), (7, 0), (7, 5)]
       surface = '#^0T^2'
  #133324: |dots|=12 dots=[(0, 0), (0, 3), (2, 2), (2, 4), (3, 5), (3, 6), (4, 0), (4, 3), (6, 2), (6, 4), (7, 5), (7, 6)]
       surface = '#^0T^2'
  #133418: |dots|=12 dots=[(0, 0), (0, 3), (2, 2), (2, 5), (3, 1), (3, 4), (4, 2), (4, 5), (6, 0), (6, 3), (7, 1), (7, 4)]
       surface = '#^0T^2'
  #133477: |dots|=8 dots=[(0, 0), (0, 3), (2, 2), (2, 5), (4, 0), (4, 3), (6, 2), (6, 5)]
       surface = '#^0T^2'
  #134686: |dots|=12 dots=[(0, 0), (0, 3), (2, 4), (2, 5), (3, 1), (3, 7), (4, 0), (4, 3), (6, 4), (6, 5), (7, 1), (7, 7)]
       surface = '#^0T^2'
  #134914: |dots|=12 dots=[(0, 0), (0, 3), (2, 4), (2, 6), (3, 2), (3, 5), (4, 0), (4, 3), (6, 4), (6, 6), (7, 2), (7, 5)]
       surface = '#^0T^2'
  #135293: |dots|=12 dots=[(0, 0), (0, 3), (2, 4), (2, 7), (3, 4), (3, 7), (4, 1), (4, 6), (6, 1), (6, 6), (7, 0), (7, 3)]
       surface = '#^0T^2'
  #135344: |dots|=8 dots=[(0, 0), (0, 3), (2, 4), (2, 7), (4, 4), (4, 7), (6, 0), (6, 3)]
       surface = '#^0T^2'
  #136430: |dots|=8 dots=[(0, 0), (0, 3), (3, 2), (3, 7), (4, 0), (4, 3), (7, 2), (7, 7)]
       surface = '#^0T^2'
  #136447: |dots|=12 dots=[(0, 0), (0, 3), (3, 2), (3, 7), (4, 2), (4, 7), (5, 4), (5, 6), (6, 4), (6, 6), (7, 0), (7, 3)]
       surface = '#^0T^2'
  #136599: |dots|=12 dots=[(0, 0), (0, 3), (3, 4), (3, 7), (4, 0), (4, 5), (5, 2), (5, 4), (6, 3), (6, 5), (7, 2), (7, 7)]
       surface = '#^0T^2'
  #136623: |dots|=8 dots=[(0, 0), (0, 3), (3, 4), (3, 7), (4, 4), (4, 7), (7, 0), (7, 3)]
       surface = '#^0T^2'
  #136797: |dots|=8 dots=[(0, 0), (0, 3), (5, 1), (5, 6), (6, 1), (6, 6), (7, 0), (7, 3)]
       surface = '#^0T^2'
  #136800: |dots|=8 dots=[(0, 0), (0, 3), (5, 2), (5, 7), (6, 0), (6, 3), (7, 2), (7, 7)]
       surface = '#^0T^2'
  #138399: |dots|=12 dots=[(0, 0), (0, 4), (1, 0), (1, 2), (2, 5), (2, 7), (3, 3), (3, 7), (4, 3), (4, 5), (7, 2), (7, 4)]
       surface = '#^0T^2'
  #138709: |dots|=12 dots=[(0, 0), (0, 4), (1, 0), (1, 2), (4, 1), (4, 7), (5, 1), (5, 5), (6, 5), (6, 7), (7, 2), (7, 4)]
       surface = '#^0T^2'
  #140092: |dots|=12 dots=[(0, 0), (0, 4), (1, 0), (1, 4), (2, 1), (2, 5), (3, 3), (3, 7), (4, 1), (4, 5), (6, 3), (6, 7)]
       surface = '#^0T^2'
  #140099: |dots|=12 dots=[(0, 0), (0, 4), (1, 0), (1, 4), (2, 1), (2, 5), (4, 2), (4, 6), (6, 2), (6, 6), (7, 1), (7, 5)]
       surface = '#^0T^2'
  #140222: |dots|=8 dots=[(0, 0), (0, 4), (1, 0), (1, 4), (2, 2), (2, 6), (3, 2), (3, 6)]
       surface = '#^0T^2'
  #140228: |dots|=12 dots=[(0, 0), (0, 4), (1, 0), (1, 4), (2, 2), (2, 6), (4, 2), (4, 6), (6, 1), (6, 5), (7, 1), (7, 5)]
       surface = '#^0T^2'
  #140230: |dots|=12 dots=[(0, 0), (0, 4), (1, 0), (1, 4), (2, 2), (2, 6), (4, 3), (4, 7), (5, 2), (5, 6), (6, 3), (6, 7)]
       surface = '#^0T^2'
  #140411: |dots|=12 dots=[(0, 0), (0, 4), (1, 0), (1, 4), (2, 3), (2, 7), (3, 2), (3, 6), (5, 2), (5, 6), (7, 3), (7, 7)]
       surface = '#^0T^2'
  #140422: |dots|=12 dots=[(0, 0), (0, 4), (1, 0), (1, 4), (2, 3), (2, 7), (3, 3), (3, 7), (4, 1), (4, 5), (6, 1), (6, 5)]
       surface = '#^0T^2'
  #140424: |dots|=12 dots=[(0, 0), (0, 4), (1, 0), (1, 4), (2, 3), (2, 7), (3, 3), (3, 7), (5, 2), (5, 6), (7, 2), (7, 6)]
       surface = '#^0T^2'
  #140446: |dots|=12 dots=[(0, 0), (0, 4), (1, 0), (1, 4), (2, 3), (2, 7), (4, 3), (4, 7), (5, 2), (5, 6), (6, 2), (6, 6)]
       surface = '#^0T^2'
  #140564: |dots|=12 dots=[(0, 0), (0, 4), (1, 0), (1, 4), (3, 1), (3, 5), (4, 2), (4, 6), (5, 1), (5, 5), (7, 2), (7, 6)]
       surface = '#^0T^2'
  #140572: |dots|=12 dots=[(0, 0), (0, 4), (1, 0), (1, 4), (3, 1), (3, 5), (5, 3), (5, 7), (6, 1), (6, 5), (7, 3), (7, 7)]
       surface = '#^0T^2'
  #140584: |dots|=12 dots=[(0, 0), (0, 4), (1, 0), (1, 4), (3, 1), (3, 7), (4, 1), (4, 7), (5, 3), (5, 5), (6, 3), (6, 5)]
       surface = '#^0T^2'
  #140608: |dots|=12 dots=[(0, 0), (0, 4), (1, 0), (1, 4), (3, 2), (3, 6), (4, 2), (4, 6), (5, 1), (5, 5), (7, 1), (7, 5)]
       surface = '#^0T^2'
  #140624: |dots|=12 dots=[(0, 0), (0, 4), (1, 0), (1, 4), (3, 3), (3, 5), (4, 3), (4, 5), (5, 1), (5, 7), (6, 1), (6, 7)]
       surface = '#^0T^2'
  #140635: |dots|=8 dots=[(0, 0), (0, 4), (1, 0), (1, 4), (3, 3), (3, 7), (4, 3), (4, 7)]
       surface = '#^0T^2'
  #140638: |dots|=12 dots=[(0, 0), (0, 4), (1, 0), (1, 4), (3, 3), (3, 7), (5, 3), (5, 7), (6, 1), (6, 5), (7, 1), (7, 5)]
       surface = '#^0T^2'
  #140677: |dots|=8 dots=[(0, 0), (0, 4), (1, 0), (1, 4), (5, 1), (5, 5), (6, 1), (6, 5)]
       surface = '#^0T^2'
  #140680: |dots|=8 dots=[(0, 0), (0, 4), (1, 0), (1, 4), (6, 2), (6, 6), (7, 2), (7, 6)]
       surface = '#^0T^2'
  #147164: |dots|=8 dots=[(0, 0), (0, 4), (1, 1), (1, 5), (2, 0), (2, 4), (3, 1), (3, 5)]
       surface = '#^0T^2'
  #147179: |dots|=12 dots=[(0, 0), (0, 4), (1, 1), (1, 5), (2, 0), (2, 4), (4, 1), (4, 5), (5, 3), (5, 7), (6, 3), (6, 7)]
       surface = '#^0T^2'
  #147181: |dots|=12 dots=[(0, 0), (0, 4), (1, 1), (1, 5), (2, 0), (2, 4), (4, 2), (4, 6), (6, 1), (6, 5), (7, 2), (7, 6)]
       surface = '#^0T^2'
  #147294: |dots|=12 dots=[(0, 0), (0, 4), (1, 1), (1, 5), (2, 1), (2, 5), (3, 0), (3, 4), (4, 3), (4, 7), (6, 3), (6, 7)]
       surface = '#^0T^2'
  #147303: |dots|=12 dots=[(0, 0), (0, 4), (1, 1), (1, 5), (2, 1), (2, 5), (4, 2), (4, 6), (6, 0), (6, 4), (7, 2), (7, 6)]
       surface = '#^0T^2'
  #147430: |dots|=12 dots=[(0, 0), (0, 4), (1, 1), (1, 5), (2, 3), (2, 7), (3, 0), (3, 4), (4, 3), (4, 7), (6, 1), (6, 5)]
       surface = '#^0T^2'
  #147431: |dots|=12 dots=[(0, 0), (0, 4), (1, 1), (1, 5), (2, 3), (2, 7), (3, 0), (3, 4), (5, 3), (5, 7), (7, 1), (7, 5)]
       surface = '#^0T^2'
  #147455: |dots|=12 dots=[(0, 0), (0, 4), (1, 1), (1, 5), (2, 3), (2, 7), (3, 1), (3, 5), (5, 3), (5, 7), (7, 0), (7, 4)]
       surface = '#^0T^2'
  #147510: |dots|=12 dots=[(0, 0), (0, 4), (1, 1), (1, 5), (2, 3), (2, 7), (4, 1), (4, 5), (5, 3), (5, 7), (6, 0), (6, 4)]
       surface = '#^0T^2'
  #147626: |dots|=8 dots=[(0, 0), (0, 4), (1, 1), (1, 5), (3, 0), (3, 4), (4, 1), (4, 5)]
       surface = '#^0T^2'
  #147629: |dots|=12 dots=[(0, 0), (0, 4), (1, 1), (1, 5), (3, 0), (3, 4), (5, 2), (5, 6), (6, 1), (6, 5), (7, 2), (7, 6)]
       surface = '#^0T^2'
  #147637: |dots|=12 dots=[(0, 0), (0, 4), (1, 1), (1, 5), (3, 0), (3, 6), (4, 1), (4, 7), (5, 4), (5, 6), (6, 5), (6, 7)]
       surface = '#^0T^2'
  #147660: |dots|=12 dots=[(0, 0), (0, 4), (1, 1), (1, 5), (3, 1), (3, 5), (4, 2), (4, 6), (5, 0), (5, 4), (7, 2), (7, 6)]
       surface = '#^0T^2'
  #147681: |dots|=12 dots=[(0, 0), (0, 4), (1, 1), (1, 5), (3, 2), (3, 4), (4, 3), (4, 5), (5, 0), (5, 2), (6, 1), (6, 3)]
       surface = '#^0T^2'
  #147701: |dots|=12 dots=[(0, 0), (0, 4), (1, 1), (1, 5), (3, 2), (3, 6), (4, 2), (4, 6), (5, 0), (5, 4), (7, 1), (7, 5)]
       surface = '#^0T^2'
  #147708: |dots|=12 dots=[(0, 0), (0, 4), (1, 1), (1, 5), (3, 2), (3, 6), (5, 2), (5, 6), (6, 1), (6, 5), (7, 0), (7, 4)]
       surface = '#^0T^2'
  #147748: |dots|=8 dots=[(0, 0), (0, 4), (1, 1), (1, 5), (5, 0), (5, 4), (6, 1), (6, 5)]
       surface = '#^0T^2'
  #147750: |dots|=8 dots=[(0, 0), (0, 4), (1, 1), (1, 5), (6, 0), (6, 4), (7, 1), (7, 5)]
       surface = '#^0T^2'
  #149529: |dots|=12 dots=[(0, 0), (0, 4), (1, 1), (1, 7), (2, 3), (2, 5), (3, 0), (3, 4), (4, 1), (4, 7), (7, 3), (7, 5)]
       surface = '#^0T^2'
  #150356: |dots|=12 dots=[(0, 0), (0, 4), (1, 1), (1, 7), (4, 3), (4, 5), (5, 0), (5, 4), (6, 1), (6, 7), (7, 3), (7, 5)]
       surface = '#^0T^2'
  #155663: |dots|=12 dots=[(0, 0), (0, 4), (1, 2), (1, 6), (2, 0), (2, 4), (3, 1), (3, 5), (4, 1), (4, 5), (6, 2), (6, 6)]
       surface = '#^0T^2'
  #155720: |dots|=12 dots=[(0, 0), (0, 4), (1, 2), (1, 6), (2, 0), (2, 4), (4, 2), (4, 6), (6, 3), (6, 7), (7, 3), (7, 7)]
       surface = '#^0T^2'
  #156894: |dots|=12 dots=[(0, 0), (0, 4), (1, 2), (1, 6), (2, 2), (2, 6), (3, 1), (3, 5), (4, 1), (4, 5), (6, 0), (6, 4)]
       surface = '#^0T^2'
  #156906: |dots|=12 dots=[(0, 0), (0, 4), (1, 2), (1, 6), (2, 2), (2, 6), (4, 3), (4, 7), (5, 0), (5, 4), (6, 3), (6, 7)]
       surface = '#^0T^2'
  #156910: |dots|=8 dots=[(0, 0), (0, 4), (1, 2), (1, 6), (2, 2), (2, 6), (7, 0), (7, 4)]
       surface = '#^0T^2'
  #157267: |dots|=12 dots=[(0, 0), (0, 4), (1, 2), (1, 6), (2, 3), (2, 7), (3, 2), (3, 6), (5, 0), (5, 4), (7, 3), (7, 7)]
       surface = '#^0T^2'
  #157278: |dots|=12 dots=[(0, 0), (0, 4), (1, 2), (1, 6), (2, 3), (2, 7), (3, 3), (3, 7), (5, 0), (5, 4), (7, 2), (7, 6)]
       surface = '#^0T^2'
  #157298: |dots|=12 dots=[(0, 0), (0, 4), (1, 2), (1, 6), (2, 3), (2, 7), (4, 2), (4, 6), (6, 0), (6, 4), (7, 3), (7, 7)]
       surface = '#^0T^2'
  #157305: |dots|=12 dots=[(0, 0), (0, 4), (1, 2), (1, 6), (2, 3), (2, 7), (4, 3), (4, 7), (5, 0), (5, 4), (6, 2), (6, 6)]
       surface = '#^0T^2'
  #157826: |dots|=12 dots=[(0, 0), (0, 4), (1, 2), (1, 6), (3, 0), (3, 4), (4, 2), (4, 6), (5, 3), (5, 7), (7, 3), (7, 7)]
       surface = '#^0T^2'
  #157830: |dots|=12 dots=[(0, 0), (0, 4), (1, 2), (1, 6), (3, 0), (3, 4), (5, 1), (5, 5), (6, 1), (6, 5), (7, 2), (7, 6)]
       surface = '#^0T^2'
  #157831: |dots|=8 dots=[(0, 0), (0, 4), (1, 2), (1, 6), (3, 0), (3, 4), (6, 2), (6, 6)]
       surface = '#^0T^2'
  #157947: |dots|=12 dots=[(0, 0), (0, 4), (1, 2), (1, 6), (3, 2), (3, 6), (5, 1), (5, 5), (6, 1), (6, 5), (7, 0), (7, 4)]
       surface = '#^0T^2'
  #157996: |dots|=12 dots=[(0, 0), (0, 4), (1, 2), (1, 6), (3, 3), (3, 7), (4, 2), (4, 6), (5, 3), (5, 7), (7, 0), (7, 4)]
       surface = '#^0T^2'
  #162508: |dots|=12 dots=[(0, 0), (0, 4), (1, 3), (1, 5), (2, 1), (2, 7), (3, 0), (3, 4), (4, 3), (4, 5), (7, 1), (7, 7)]
       surface = '#^0T^2'
  #163233: |dots|=12 dots=[(0, 0), (0, 4), (1, 3), (1, 5), (4, 1), (4, 7), (5, 0), (5, 4), (6, 3), (6, 5), (7, 1), (7, 7)]
       surface = '#^0T^2'
  #166011: |dots|=12 dots=[(0, 0), (0, 4), (1, 3), (1, 7), (2, 0), (2, 4), (3, 2), (3, 6), (4, 3), (4, 7), (6, 2), (6, 6)]
       surface = '#^0T^2'
  #166022: |dots|=12 dots=[(0, 0), (0, 4), (1, 3), (1, 7), (2, 0), (2, 4), (4, 1), (4, 5), (5, 1), (5, 5), (6, 3), (6, 7)]
       surface = '#^0T^2'
  #166029: |dots|=8 dots=[(0, 0), (0, 4), (1, 3), (1, 7), (2, 0), (2, 4), (7, 3), (7, 7)]
       surface = '#^0T^2'
  #167291: |dots|=12 dots=[(0, 0), (0, 4), (1, 3), (1, 7), (2, 2), (2, 6), (3, 2), (3, 6), (4, 3), (4, 7), (6, 0), (6, 4)]
       surface = '#^0T^2'
  #167305: |dots|=12 dots=[(0, 0), (0, 4), (1, 3), (1, 7), (2, 2), (2, 6), (4, 2), (4, 6), (6, 3), (6, 7), (7, 0), (7, 4)]
       surface = '#^0T^2'
  #167680: |dots|=12 dots=[(0, 0), (0, 4), (1, 3), (1, 7), (2, 3), (2, 7), (3, 0), (3, 4), (5, 1), (5, 5), (7, 1), (7, 5)]
       surface = '#^0T^2'
  #167702: |dots|=12 dots=[(0, 0), (0, 4), (1, 3), (1, 7), (2, 3), (2, 7), (3, 1), (3, 5), (5, 1), (5, 5), (7, 0), (7, 4)]
       surface = '#^0T^2'
  #167761: |dots|=12 dots=[(0, 0), (0, 4), (1, 3), (1, 7), (2, 3), (2, 7), (4, 1), (4, 5), (5, 1), (5, 5), (6, 0), (6, 4)]
       surface = '#^0T^2'
  #167767: |dots|=12 dots=[(0, 0), (0, 4), (1, 3), (1, 7), (2, 3), (2, 7), (4, 2), (4, 6), (6, 2), (6, 6), (7, 0), (7, 4)]
       surface = '#^0T^2'
  #168289: |dots|=12 dots=[(0, 0), (0, 4), (1, 3), (1, 7), (3, 0), (3, 4), (4, 2), (4, 6), (5, 2), (5, 6), (7, 3), (7, 7)]
       surface = '#^0T^2'
  #168357: |dots|=12 dots=[(0, 0), (0, 4), (1, 3), (1, 7), (3, 1), (3, 5), (5, 0), (5, 4), (6, 1), (6, 5), (7, 3), (7, 7)]
       surface = '#^0T^2'
  #168446: |dots|=12 dots=[(0, 0), (0, 4), (1, 3), (1, 7), (3, 3), (3, 7), (4, 2), (4, 6), (5, 2), (5, 6), (7, 0), (7, 4)]
       surface = '#^0T^2'
  #168448: |dots|=12 dots=[(0, 0), (0, 4), (1, 3), (1, 7), (3, 3), (3, 7), (5, 0), (5, 4), (6, 1), (6, 5), (7, 1), (7, 5)]
       surface = '#^0T^2'
  #168449: |dots|=8 dots=[(0, 0), (0, 4), (1, 3), (1, 7), (3, 3), (3, 7), (6, 0), (6, 4)]
       surface = '#^0T^2'
  #169629: |dots|=12 dots=[(0, 0), (0, 4), (1, 4), (1, 6), (2, 1), (2, 3), (3, 3), (3, 7), (4, 1), (4, 7), (7, 0), (7, 6)]
       surface = '#^0T^2'
  #170458: |dots|=12 dots=[(0, 0), (0, 4), (1, 4), (1, 6), (4, 3), (4, 5), (5, 1), (5, 5), (6, 1), (6, 3), (7, 0), (7, 6)]
       surface = '#^0T^2'
  #177274: |dots|=12 dots=[(0, 0), (0, 4), (2, 0), (2, 4), (3, 1), (3, 5), (4, 3), (4, 7), (6, 1), (6, 5), (7, 3), (7, 7)]
       surface = '#^0T^2'
  #177303: |dots|=12 dots=[(0, 0), (0, 4), (2, 0), (2, 4), (3, 2), (3, 6), (4, 2), (4, 6), (5, 1), (5, 5), (6, 1), (6, 5)]
       surface = '#^0T^2'
  #177334: |dots|=12 dots=[(0, 0), (0, 4), (2, 0), (2, 4), (3, 3), (3, 7), (4, 2), (4, 6), (5, 2), (5, 6), (6, 3), (6, 7)]
       surface = '#^0T^2'
  #177336: |dots|=12 dots=[(0, 0), (0, 4), (2, 0), (2, 4), (3, 3), (3, 7), (4, 3), (4, 7), (6, 1), (6, 5), (7, 1), (7, 5)]
       surface = '#^0T^2'
  #177338: |dots|=8 dots=[(0, 0), (0, 4), (2, 0), (2, 4), (3, 3), (3, 7), (5, 3), (5, 7)]
       surface = '#^0T^2'
  #177361: |dots|=12 dots=[(0, 0), (0, 4), (2, 0), (2, 4), (4, 1), (4, 5), (5, 2), (5, 6), (6, 2), (6, 6), (7, 1), (7, 5)]
       surface = '#^0T^2'
  #177378: |dots|=12 dots=[(0, 0), (0, 4), (2, 0), (2, 4), (4, 3), (4, 7), (5, 3), (5, 7), (6, 2), (6, 6), (7, 2), (7, 6)]
       surface = '#^0T^2'
  #177382: |dots|=8 dots=[(0, 0), (0, 4), (2, 0), (2, 4), (5, 1), (5, 5), (7, 1), (7, 5)]
       surface = '#^0T^2'
  #178221: |dots|=12 dots=[(0, 0), (0, 4), (2, 1), (2, 3), (3, 2), (3, 4), (4, 1), (4, 7), (5, 0), (5, 2), (7, 3), (7, 7)]
       surface = '#^0T^2'
  #178701: |dots|=12 dots=[(0, 0), (0, 4), (2, 1), (2, 5), (3, 0), (3, 4), (4, 1), (4, 5), (6, 2), (6, 6), (7, 2), (7, 6)]
       surface = '#^0T^2'
  #178806: |dots|=12 dots=[(0, 0), (0, 4), (2, 1), (2, 5), (3, 1), (3, 5), (4, 2), (4, 6), (5, 0), (5, 4), (6, 2), (6, 6)]
       surface = '#^0T^2'
  #178812: |dots|=12 dots=[(0, 0), (0, 4), (2, 1), (2, 5), (3, 1), (3, 5), (4, 3), (4, 7), (6, 0), (6, 4), (7, 3), (7, 7)]
       surface = '#^0T^2'
  #178900: |dots|=12 dots=[(0, 0), (0, 4), (2, 1), (2, 5), (3, 2), (3, 6), (4, 1), (4, 5), (6, 2), (6, 6), (7, 0), (7, 4)]
       surface = '#^0T^2'
  #178904: |dots|=12 dots=[(0, 0), (0, 4), (2, 1), (2, 5), (3, 2), (3, 6), (4, 2), (4, 6), (5, 1), (5, 5), (6, 0), (6, 4)]
       surface = '#^0T^2'
  #178980: |dots|=12 dots=[(0, 0), (0, 4), (2, 1), (2, 5), (3, 3), (3, 7), (4, 3), (4, 7), (6, 0), (6, 4), (7, 1), (7, 5)]
       surface = '#^0T^2'
  #179068: |dots|=12 dots=[(0, 0), (0, 4), (2, 1), (2, 5), (4, 1), (4, 5), (5, 0), (5, 4), (6, 3), (6, 7), (7, 3), (7, 7)]
       surface = '#^0T^2'
  #179075: |dots|=12 dots=[(0, 0), (0, 4), (2, 1), (2, 5), (4, 3), (4, 7), (5, 1), (5, 5), (6, 3), (6, 7), (7, 0), (7, 4)]
       surface = '#^0T^2'
  #179413: |dots|=12 dots=[(0, 0), (0, 4), (2, 1), (2, 7), (3, 1), (3, 7), (4, 3), (4, 5), (5, 3), (5, 5), (7, 0), (7, 4)]
       surface = '#^0T^2'
  #180169: |dots|=12 dots=[(0, 0), (0, 4), (2, 2), (2, 6), (3, 0), (3, 4), (4, 1), (4, 5), (6, 1), (6, 5), (7, 2), (7, 6)]
       surface = '#^0T^2'
  #180171: |dots|=12 dots=[(0, 0), (0, 4), (2, 2), (2, 6), (3, 0), (3, 4), (4, 2), (4, 6), (5, 3), (5, 7), (6, 3), (6, 7)]
       surface = '#^0T^2'
  #180175: |dots|=8 dots=[(0, 0), (0, 4), (2, 2), (2, 6), (3, 0), (3, 4), (5, 2), (5, 6)]
       surface = '#^0T^2'
  #180211: |dots|=12 dots=[(0, 0), (0, 4), (2, 2), (2, 6), (3, 1), (3, 5), (4, 2), (4, 6), (5, 0), (5, 4), (6, 1), (6, 5)]
       surface = '#^0T^2'
  #180232: |dots|=12 dots=[(0, 0), (0, 4), (2, 2), (2, 6), (3, 2), (3, 6), (4, 1), (4, 5), (6, 1), (6, 5), (7, 0), (7, 4)]
       surface = '#^0T^2'
  #180261: |dots|=12 dots=[(0, 0), (0, 4), (2, 2), (2, 6), (4, 1), (4, 5), (5, 2), (5, 6), (6, 0), (6, 4), (7, 1), (7, 5)]
       surface = '#^0T^2'
  #180277: |dots|=12 dots=[(0, 0), (0, 4), (2, 2), (2, 6), (4, 3), (4, 7), (5, 3), (5, 7), (6, 0), (6, 4), (7, 2), (7, 6)]
       surface = '#^0T^2'
  #180281: |dots|=8 dots=[(0, 0), (0, 4), (2, 2), (2, 6), (5, 0), (5, 4), (7, 2), (7, 6)]
       surface = '#^0T^2'
  #180905: |dots|=12 dots=[(0, 0), (0, 4), (2, 3), (2, 5), (3, 3), (3, 5), (4, 1), (4, 7), (5, 1), (5, 7), (7, 0), (7, 4)]
       surface = '#^0T^2'
  #181204: |dots|=12 dots=[(0, 0), (0, 4), (2, 3), (2, 7), (3, 0), (3, 4), (4, 2), (4, 6), (5, 3), (5, 7), (6, 2), (6, 6)]
       surface = '#^0T^2'
  #181208: |dots|=8 dots=[(0, 0), (0, 4), (2, 3), (2, 7), (3, 0), (3, 4), (7, 3), (7, 7)]
       surface = '#^0T^2'
  #181270: |dots|=12 dots=[(0, 0), (0, 4), (2, 3), (2, 7), (3, 3), (3, 7), (4, 2), (4, 6), (5, 2), (5, 6), (6, 0), (6, 4)]
       surface = '#^0T^2'
  #181272: |dots|=8 dots=[(0, 0), (0, 4), (2, 3), (2, 7), (3, 3), (3, 7), (7, 0), (7, 4)]
       surface = '#^0T^2'
  #181300: |dots|=12 dots=[(0, 0), (0, 4), (2, 3), (2, 7), (4, 1), (4, 5), (5, 0), (5, 4), (6, 1), (6, 5), (7, 3), (7, 7)]
       surface = '#^0T^2'
  #181307: |dots|=12 dots=[(0, 0), (0, 4), (2, 3), (2, 7), (4, 3), (4, 7), (5, 1), (5, 5), (6, 1), (6, 5), (7, 0), (7, 4)]
       surface = '#^0T^2'
  #182059: |dots|=12 dots=[(0, 0), (0, 4), (2, 5), (2, 7), (3, 0), (3, 6), (4, 3), (4, 5), (5, 4), (5, 6), (7, 3), (7, 7)]
       surface = '#^0T^2'
  #182801: |dots|=8 dots=[(0, 0), (0, 4), (3, 1), (3, 5), (5, 1), (5, 5), (6, 0), (6, 4)]
       surface = '#^0T^2'
  #182985: |dots|=8 dots=[(0, 0), (0, 4), (3, 2), (3, 6), (5, 0), (5, 4), (6, 2), (6, 6)]
       surface = '#^0T^2'
  #183284: |dots|=8 dots=[(0, 0), (0, 4), (4, 1), (4, 5), (5, 1), (5, 5), (7, 0), (7, 4)]
       surface = '#^0T^2'
  #183310: |dots|=8 dots=[(0, 0), (0, 4), (4, 3), (4, 7), (5, 0), (5, 4), (7, 3), (7, 7)]
       surface = '#^0T^2'
  #183329: |dots|=8 dots=[(0, 0), (0, 4), (5, 2), (5, 6), (6, 2), (6, 6), (7, 0), (7, 4)]
       surface = '#^0T^2'
  #183332: |dots|=8 dots=[(0, 0), (0, 4), (5, 3), (5, 7), (6, 0), (6, 4), (7, 3), (7, 7)]
       surface = '#^0T^2'
  #185077: |dots|=12 dots=[(0, 0), (0, 5), (1, 0), (1, 2), (3, 1), (3, 6), (4, 1), (4, 4), (5, 4), (5, 6), (7, 2), (7, 5)]
       surface = '#^0T^2'
  #185835: |dots|=12 dots=[(0, 0), (0, 5), (1, 0), (1, 3), (2, 3), (2, 5), (4, 1), (4, 4), (5, 4), (5, 7), (6, 1), (6, 7)]
       surface = '#^0T^2'
  #186393: |dots|=12 dots=[(0, 0), (0, 5), (1, 0), (1, 3), (3, 1), (3, 7), (4, 1), (4, 4), (5, 4), (5, 7), (7, 3), (7, 5)]
       surface = '#^0T^2'
  #188046: |dots|=12 dots=[(0, 0), (0, 5), (1, 0), (1, 5), (2, 2), (2, 4), (3, 2), (3, 4), (4, 1), (4, 6), (5, 1), (5, 6)]
       surface = '#^0T^2'
  #188095: |dots|=8 dots=[(0, 0), (0, 5), (1, 0), (1, 5), (2, 2), (2, 7), (3, 2), (3, 7)]
       surface = '#^0T^2'
  #188103: |dots|=12 dots=[(0, 0), (0, 5), (1, 0), (1, 5), (2, 2), (2, 7), (4, 2), (4, 7), (5, 1), (5, 4), (6, 1), (6, 4)]
       surface = '#^0T^2'
  #188401: |dots|=12 dots=[(0, 0), (0, 5), (1, 0), (1, 5), (3, 1), (3, 4), (4, 1), (4, 4), (5, 3), (5, 6), (7, 3), (7, 6)]
       surface = '#^0T^2'
  #188498: |dots|=8 dots=[(0, 0), (0, 5), (1, 0), (1, 5), (4, 1), (4, 4), (5, 1), (5, 4)]
       surface = '#^0T^2'
  #188513: |dots|=12 dots=[(0, 0), (0, 5), (1, 0), (1, 5), (4, 4), (4, 7), (5, 4), (5, 7), (6, 1), (6, 3), (7, 1), (7, 3)]
       surface = '#^0T^2'
  #188517: |dots|=8 dots=[(0, 0), (0, 5), (1, 0), (1, 5), (6, 3), (6, 6), (7, 3), (7, 6)]
       surface = '#^0T^2'
  #190321: |dots|=12 dots=[(0, 0), (0, 5), (1, 0), (1, 7), (3, 5), (3, 7), (4, 1), (4, 4), (5, 3), (5, 4), (7, 1), (7, 3)]
       surface = '#^0T^2'
  #192462: |dots|=12 dots=[(0, 0), (0, 5), (1, 1), (1, 3), (2, 4), (2, 7), (4, 0), (4, 5), (5, 1), (5, 3), (6, 4), (6, 7)]
       surface = '#^0T^2'
  #194878: |dots|=8 dots=[(0, 0), (0, 5), (1, 1), (1, 6), (2, 0), (2, 5), (3, 1), (3, 6)]
       surface = '#^0T^2'
  #194893: |dots|=12 dots=[(0, 0), (0, 5), (1, 1), (1, 6), (2, 0), (2, 5), (4, 2), (4, 7), (5, 1), (5, 6), (6, 2), (6, 7)]
       surface = '#^0T^2'
  #195152: |dots|=12 dots=[(0, 0), (0, 5), (1, 1), (1, 6), (2, 3), (2, 5), (3, 4), (3, 6), (4, 0), (4, 3), (5, 1), (5, 4)]
       surface = '#^0T^2'
  #195395: |dots|=12 dots=[(0, 0), (0, 5), (1, 1), (1, 6), (3, 4), (3, 7), (4, 0), (4, 5), (5, 4), (5, 7), (7, 1), (7, 6)]
       surface = '#^0T^2'
  #195422: |dots|=8 dots=[(0, 0), (0, 5), (1, 1), (1, 6), (4, 0), (4, 5), (5, 1), (5, 6)]
       surface = '#^0T^2'
  #195427: |dots|=12 dots=[(0, 0), (0, 5), (1, 1), (1, 6), (4, 2), (4, 5), (5, 3), (5, 6), (6, 0), (6, 2), (7, 1), (7, 3)]
       surface = '#^0T^2'
  #195440: |dots|=8 dots=[(0, 0), (0, 5), (1, 1), (1, 6), (6, 0), (6, 5), (7, 1), (7, 6)]
       surface = '#^0T^2'
  #195932: |dots|=12 dots=[(0, 0), (0, 5), (1, 1), (1, 7), (2, 3), (2, 4), (4, 0), (4, 5), (5, 1), (5, 7), (6, 3), (6, 4)]
       surface = '#^0T^2'
  #198458: |dots|=12 dots=[(0, 0), (0, 5), (1, 2), (1, 3), (2, 4), (2, 6), (4, 0), (4, 5), (5, 2), (5, 3), (6, 4), (6, 6)]
       surface = '#^0T^2'
  #200495: |dots|=12 dots=[(0, 0), (0, 5), (1, 2), (1, 4), (2, 2), (2, 4), (3, 1), (3, 6), (4, 1), (4, 6), (7, 0), (7, 5)]
       surface = '#^0T^2'
  #200717: |dots|=12 dots=[(0, 0), (0, 5), (1, 2), (1, 4), (2, 3), (2, 5), (3, 2), (3, 7), (4, 0), (4, 3), (7, 4), (7, 7)]
       surface = '#^0T^2'
  #201429: |dots|=12 dots=[(0, 0), (0, 5), (1, 2), (1, 4), (3, 1), (3, 2), (4, 1), (4, 4), (5, 0), (5, 6), (7, 5), (7, 6)]
       surface = '#^0T^2'
  #201572: |dots|=12 dots=[(0, 0), (0, 5), (1, 2), (1, 4), (3, 6), (3, 7), (4, 0), (4, 5), (5, 2), (5, 4), (7, 6), (7, 7)]
       surface = '#^0T^2'
  #205371: |dots|=12 dots=[(0, 0), (0, 5), (1, 2), (1, 7), (2, 2), (2, 7), (4, 3), (4, 6), (5, 3), (5, 6), (6, 0), (6, 5)]
       surface = '#^0T^2'
  #205373: |dots|=8 dots=[(0, 0), (0, 5), (1, 2), (1, 7), (2, 2), (2, 7), (7, 0), (7, 5)]
       surface = '#^0T^2'
  #206534: |dots|=12 dots=[(0, 0), (0, 5), (1, 2), (1, 7), (3, 2), (3, 7), (4, 1), (4, 4), (5, 1), (5, 4), (7, 0), (7, 5)]
       surface = '#^0T^2'
  #207424: |dots|=12 dots=[(0, 0), (0, 5), (1, 3), (1, 4), (2, 1), (2, 3), (4, 1), (4, 4), (5, 0), (5, 7), (6, 5), (6, 7)]
       surface = '#^0T^2'
  #209255: |dots|=12 dots=[(0, 0), (0, 5), (1, 3), (1, 5), (2, 0), (2, 3), (4, 1), (4, 4), (5, 1), (5, 7), (6, 4), (6, 7)]
       surface = '#^0T^2'
  #211126: |dots|=12 dots=[(0, 0), (0, 5), (1, 3), (1, 6), (2, 2), (2, 4), (4, 0), (4, 5), (5, 3), (5, 6), (6, 2), (6, 4)]
       surface = '#^0T^2'
  #211507: |dots|=12 dots=[(0, 0), (0, 5), (1, 3), (1, 6), (3, 1), (3, 7), (4, 0), (4, 5), (5, 3), (5, 6), (7, 1), (7, 7)]
       surface = '#^0T^2'
  #216674: |dots|=12 dots=[(0, 0), (0, 5), (1, 4), (1, 6), (3, 2), (3, 7), (4, 0), (4, 5), (5, 4), (5, 6), (7, 2), (7, 7)]
       surface = '#^0T^2'
  #217007: |dots|=12 dots=[(0, 0), (0, 5), (1, 4), (1, 7), (2, 0), (2, 5), (4, 3), (4, 6), (5, 4), (5, 7), (6, 3), (6, 6)]
       surface = '#^0T^2'
  #217009: |dots|=8 dots=[(0, 0), (0, 5), (1, 4), (1, 7), (2, 0), (2, 5), (7, 4), (7, 7)]
       surface = '#^0T^2'
  #219116: |dots|=12 dots=[(0, 0), (0, 5), (1, 4), (1, 7), (3, 1), (3, 6), (4, 0), (4, 5), (5, 1), (5, 6), (7, 4), (7, 7)]
       surface = '#^0T^2'
  #220820: |dots|=12 dots=[(0, 0), (0, 5), (1, 5), (1, 7), (2, 3), (2, 4), (4, 1), (4, 4), (5, 1), (5, 3), (6, 0), (6, 7)]
       surface = '#^0T^2'
  #222235: |dots|=12 dots=[(0, 0), (0, 5), (1, 6), (1, 7), (3, 1), (3, 3), (4, 0), (4, 5), (5, 6), (5, 7), (7, 1), (7, 3)]
       surface = '#^0T^2'
  #223163: |dots|=12 dots=[(0, 0), (0, 5), (2, 0), (2, 5), (3, 2), (3, 7), (4, 2), (4, 7), (6, 3), (6, 6), (7, 3), (7, 6)]
       surface = '#^0T^2'
  #223215: |dots|=8 dots=[(0, 0), (0, 5), (2, 0), (2, 5), (4, 1), (4, 4), (6, 1), (6, 4)]
       surface = '#^0T^2'
  #223389: |dots|=12 dots=[(0, 0), (0, 5), (2, 0), (2, 6), (3, 5), (3, 6), (4, 1), (4, 4), (6, 2), (6, 4), (7, 1), (7, 2)]
       surface = '#^0T^2'
  #223660: |dots|=12 dots=[(0, 0), (0, 5), (2, 1), (2, 2), (3, 4), (3, 6), (4, 0), (4, 5), (6, 1), (6, 2), (7, 4), (7, 6)]
       surface = '#^0T^2'
  #223874: |dots|=12 dots=[(0, 0), (0, 5), (2, 1), (2, 3), (3, 2), (3, 7), (4, 0), (4, 5), (6, 1), (6, 3), (7, 2), (7, 7)]
       surface = '#^0T^2'
  #224062: |dots|=12 dots=[(0, 0), (0, 5), (2, 1), (2, 4), (3, 1), (3, 4), (4, 3), (4, 6), (6, 3), (6, 6), (7, 0), (7, 5)]
       surface = '#^0T^2'
  #224291: |dots|=8 dots=[(0, 0), (0, 5), (2, 1), (2, 4), (4, 1), (4, 4), (6, 0), (6, 5)]
       surface = '#^0T^2'
  #224681: |dots|=12 dots=[(0, 0), (0, 5), (2, 1), (2, 6), (3, 2), (3, 4), (4, 0), (4, 5), (6, 1), (6, 6), (7, 2), (7, 4)]
       surface = '#^0T^2'
  #224803: |dots|=12 dots=[(0, 0), (0, 5), (2, 1), (2, 6), (3, 4), (3, 6), (4, 1), (4, 4), (6, 2), (6, 5), (7, 0), (7, 2)]
       surface = '#^0T^2'
  #224944: |dots|=12 dots=[(0, 0), (0, 5), (2, 1), (2, 7), (3, 2), (3, 3), (4, 0), (4, 5), (6, 1), (6, 7), (7, 2), (7, 3)]
       surface = '#^0T^2'
  #225895: |dots|=12 dots=[(0, 0), (0, 5), (2, 2), (2, 7), (3, 1), (3, 6), (4, 2), (4, 7), (6, 0), (6, 5), (7, 1), (7, 6)]
       surface = '#^0T^2'
  #225973: |dots|=8 dots=[(0, 0), (0, 5), (2, 2), (2, 7), (4, 0), (4, 5), (6, 2), (6, 7)]
       surface = '#^0T^2'
  #226659: |dots|=12 dots=[(0, 0), (0, 5), (2, 3), (2, 6), (3, 4), (3, 7), (4, 3), (4, 6), (6, 0), (6, 5), (7, 4), (7, 7)]
       surface = '#^0T^2'
  #226691: |dots|=8 dots=[(0, 0), (0, 5), (2, 3), (2, 6), (4, 0), (4, 5), (6, 3), (6, 6)]
       surface = '#^0T^2'
  #227181: |dots|=12 dots=[(0, 0), (0, 5), (2, 4), (2, 6), (3, 1), (3, 6), (4, 1), (4, 4), (6, 0), (6, 2), (7, 2), (7, 5)]
       surface = '#^0T^2'
  #227666: |dots|=12 dots=[(0, 0), (0, 5), (2, 5), (2, 6), (3, 2), (3, 4), (4, 1), (4, 4), (6, 1), (6, 2), (7, 0), (7, 6)]
       surface = '#^0T^2'
  #228237: |dots|=8 dots=[(0, 0), (0, 5), (3, 1), (3, 4), (4, 1), (4, 4), (7, 0), (7, 5)]
       surface = '#^0T^2'
  #228244: |dots|=12 dots=[(0, 0), (0, 5), (3, 1), (3, 4), (4, 2), (4, 5), (5, 1), (5, 7), (6, 0), (6, 2), (7, 4), (7, 7)]
       surface = '#^0T^2'
  #228690: |dots|=8 dots=[(0, 0), (0, 5), (3, 4), (3, 7), (4, 0), (4, 5), (7, 4), (7, 7)]
       surface = '#^0T^2'
  #228713: |dots|=12 dots=[(0, 0), (0, 5), (3, 4), (3, 7), (4, 4), (4, 7), (5, 1), (5, 3), (6, 1), (6, 3), (7, 0), (7, 5)]
       surface = '#^0T^2'
  #228887: |dots|=8 dots=[(0, 0), (0, 5), (5, 3), (5, 6), (6, 3), (6, 6), (7, 0), (7, 5)]
       surface = '#^0T^2'
  #228890: |dots|=8 dots=[(0, 0), (0, 5), (5, 4), (5, 7), (6, 0), (6, 5), (7, 4), (7, 7)]
       surface = '#^0T^2'
  #231367: |dots|=12 dots=[(0, 0), (0, 6), (1, 0), (1, 3), (2, 3), (2, 6), (4, 2), (4, 4), (5, 4), (5, 7), (6, 2), (6, 7)]
       surface = '#^0T^2'
  #232934: |dots|=12 dots=[(0, 0), (0, 6), (1, 0), (1, 4), (2, 4), (2, 6), (3, 1), (3, 3), (4, 3), (4, 7), (5, 1), (5, 7)]
       surface = '#^0T^2'
  #232967: |dots|=12 dots=[(0, 0), (0, 6), (1, 0), (1, 4), (2, 4), (2, 6), (5, 3), (5, 5), (6, 1), (6, 5), (7, 1), (7, 3)]
       surface = '#^0T^2'
  #234615: |dots|=12 dots=[(0, 0), (0, 6), (1, 0), (1, 5), (3, 5), (3, 6), (4, 2), (4, 4), (5, 1), (5, 4), (7, 1), (7, 2)]
       surface = '#^0T^2'
  #234815: |dots|=12 dots=[(0, 0), (0, 6), (1, 0), (1, 6), (2, 2), (2, 4), (3, 2), (3, 4), (5, 3), (5, 7), (6, 3), (6, 7)]
       surface = '#^0T^2'
  #234843: |dots|=12 dots=[(0, 0), (0, 6), (1, 0), (1, 6), (2, 2), (2, 5), (3, 2), (3, 5), (6, 1), (6, 4), (7, 1), (7, 4)]
       surface = '#^0T^2'
  #235169: |dots|=8 dots=[(0, 0), (0, 6), (1, 0), (1, 6), (3, 1), (3, 3), (4, 1), (4, 3)]
       surface = '#^0T^2'
  #235235: |dots|=12 dots=[(0, 0), (0, 6), (1, 0), (1, 6), (3, 3), (3, 7), (4, 3), (4, 7), (6, 2), (6, 4), (7, 2), (7, 4)]
       surface = '#^0T^2'
  #235269: |dots|=8 dots=[(0, 0), (0, 6), (1, 0), (1, 6), (4, 2), (4, 4), (5, 2), (5, 4)]
       surface = '#^0T^2'
  #235277: |dots|=8 dots=[(0, 0), (0, 6), (1, 0), (1, 6), (5, 3), (5, 5), (6, 3), (6, 5)]
       surface = '#^0T^2'
  #236671: |dots|=12 dots=[(0, 0), (0, 6), (1, 1), (1, 2), (2, 4), (2, 7), (4, 0), (4, 6), (5, 1), (5, 2), (6, 4), (6, 7)]
       surface = '#^0T^2'
  #239554: |dots|=12 dots=[(0, 0), (0, 6), (1, 1), (1, 4), (3, 2), (3, 5), (4, 0), (4, 6), (5, 1), (5, 4), (7, 2), (7, 5)]
       surface = '#^0T^2'
  #241907: |dots|=12 dots=[(0, 0), (0, 6), (1, 1), (1, 7), (2, 3), (2, 6), (3, 4), (3, 7), (6, 0), (6, 3), (7, 1), (7, 4)]
       surface = '#^0T^2'
  #242050: |dots|=12 dots=[(0, 0), (0, 6), (1, 1), (1, 7), (2, 4), (2, 6), (3, 5), (3, 7), (5, 0), (5, 4), (6, 1), (6, 5)]
       surface = '#^0T^2'
  #242178: |dots|=8 dots=[(0, 0), (0, 6), (1, 1), (1, 7), (3, 0), (3, 6), (4, 1), (4, 7)]
       surface = '#^0T^2'
  #242203: |dots|=12 dots=[(0, 0), (0, 6), (1, 1), (1, 7), (3, 2), (3, 6), (4, 3), (4, 7), (6, 0), (6, 2), (7, 1), (7, 3)]
       surface = '#^0T^2'
  #242255: |dots|=8 dots=[(0, 0), (0, 6), (1, 1), (1, 7), (4, 0), (4, 6), (5, 1), (5, 7)]
       surface = '#^0T^2'
  #242270: |dots|=8 dots=[(0, 0), (0, 6), (1, 1), (1, 7), (5, 0), (5, 6), (6, 1), (6, 7)]
       surface = '#^0T^2'
  #244296: |dots|=12 dots=[(0, 0), (0, 6), (1, 2), (1, 3), (2, 6), (2, 7), (3, 1), (3, 3), (5, 1), (5, 2), (6, 0), (6, 7)]
       surface = '#^0T^2'
  #244431: |dots|=12 dots=[(0, 0), (0, 6), (1, 2), (1, 3), (3, 0), (3, 7), (4, 2), (4, 4), (5, 6), (5, 7), (7, 3), (7, 4)]
       surface = '#^0T^2'
  #244601: |dots|=12 dots=[(0, 0), (0, 6), (1, 2), (1, 3), (3, 4), (3, 7), (4, 0), (4, 6), (5, 2), (5, 3), (7, 4), (7, 7)]
       surface = '#^0T^2'
  #245920: |dots|=12 dots=[(0, 0), (0, 6), (1, 2), (1, 4), (2, 2), (2, 4), (4, 3), (4, 7), (5, 3), (5, 7), (7, 0), (7, 6)]
       surface = '#^0T^2'
  #246309: |dots|=12 dots=[(0, 0), (0, 6), (1, 2), (1, 4), (2, 3), (2, 7), (3, 0), (3, 6), (6, 2), (6, 4), (7, 3), (7, 7)]
       surface = '#^0T^2'
  #247339: |dots|=8 dots=[(0, 0), (0, 6), (1, 2), (1, 4), (4, 2), (4, 4), (5, 0), (5, 6)]
       surface = '#^0T^2'
  #248489: |dots|=12 dots=[(0, 0), (0, 6), (1, 2), (1, 5), (2, 2), (2, 5), (5, 1), (5, 4), (6, 1), (6, 4), (7, 0), (7, 6)]
       surface = '#^0T^2'
  #248688: |dots|=12 dots=[(0, 0), (0, 6), (1, 2), (1, 5), (2, 3), (2, 4), (4, 0), (4, 6), (5, 2), (5, 5), (6, 3), (6, 4)]
       surface = '#^0T^2'
  #248807: |dots|=12 dots=[(0, 0), (0, 6), (1, 2), (1, 5), (2, 3), (2, 6), (5, 2), (5, 7), (6, 0), (6, 3), (7, 5), (7, 7)]
       surface = '#^0T^2'
  #249052: |dots|=12 dots=[(0, 0), (0, 6), (1, 2), (1, 5), (2, 4), (2, 5), (4, 2), (4, 4), (5, 1), (5, 6), (6, 0), (6, 1)]
       surface = '#^0T^2'
  #252333: |dots|=12 dots=[(0, 0), (0, 6), (1, 2), (1, 7), (3, 3), (3, 4), (4, 0), (4, 6), (5, 2), (5, 7), (7, 3), (7, 4)]
       surface = '#^0T^2'
  #252834: |dots|=12 dots=[(0, 0), (0, 6), (1, 3), (1, 4), (2, 1), (2, 2), (4, 0), (4, 6), (5, 3), (5, 4), (6, 1), (6, 2)]
       surface = '#^0T^2'
  #254497: |dots|=12 dots=[(0, 0), (0, 6), (1, 3), (1, 4), (2, 6), (2, 7), (4, 2), (4, 4), (5, 0), (5, 7), (6, 2), (6, 3)]
       surface = '#^0T^2'
  #255629: |dots|=12 dots=[(0, 0), (0, 6), (1, 3), (1, 5), (2, 1), (2, 5), (3, 1), (3, 3), (6, 0), (6, 2), (7, 2), (7, 6)]
       surface = '#^0T^2'
  #256845: |dots|=12 dots=[(0, 0), (0, 6), (1, 3), (1, 5), (2, 4), (2, 6), (4, 3), (4, 7), (5, 0), (5, 4), (7, 5), (7, 7)]
       surface = '#^0T^2'
  #257459: |dots|=8 dots=[(0, 0), (0, 6), (1, 3), (1, 5), (4, 0), (4, 6), (5, 3), (5, 5)]
       surface = '#^0T^2'
  #258741: |dots|=12 dots=[(0, 0), (0, 6), (1, 3), (1, 6), (3, 4), (3, 7), (4, 2), (4, 4), (5, 2), (5, 7), (7, 0), (7, 3)]
       surface = '#^0T^2'
  #259266: |dots|=12 dots=[(0, 0), (0, 6), (1, 3), (1, 7), (2, 2), (2, 4), (3, 0), (3, 6), (4, 3), (4, 7), (5, 2), (5, 4)]
       surface = '#^0T^2'
  #259295: |dots|=12 dots=[(0, 0), (0, 6), (1, 3), (1, 7), (2, 2), (2, 4), (5, 0), (5, 6), (6, 3), (6, 7), (7, 2), (7, 4)]
       surface = '#^0T^2'
  #260428: |dots|=12 dots=[(0, 0), (0, 6), (1, 4), (1, 5), (2, 1), (2, 2), (3, 0), (3, 6), (5, 1), (5, 2), (6, 4), (6, 5)]
       surface = '#^0T^2'
  #262284: |dots|=12 dots=[(0, 0), (0, 6), (1, 4), (1, 5), (3, 1), (3, 2), (4, 0), (4, 6), (5, 4), (5, 5), (7, 1), (7, 2)]
       surface = '#^0T^2'
  #262383: |dots|=12 dots=[(0, 0), (0, 6), (1, 4), (1, 5), (3, 2), (3, 5), (4, 2), (4, 4), (5, 0), (5, 1), (7, 1), (7, 6)]
       surface = '#^0T^2'
  #264381: |dots|=12 dots=[(0, 0), (0, 6), (1, 4), (1, 7), (2, 2), (2, 5), (4, 0), (4, 6), (5, 4), (5, 7), (6, 2), (6, 5)]
       surface = '#^0T^2'
  #265523: |dots|=12 dots=[(0, 0), (0, 6), (1, 5), (1, 6), (2, 1), (2, 4), (4, 2), (4, 4), (5, 1), (5, 2), (6, 0), (6, 5)]
       surface = '#^0T^2'
  #269008: |dots|=12 dots=[(0, 0), (0, 6), (2, 1), (2, 2), (3, 4), (3, 5), (5, 0), (5, 6), (6, 4), (6, 5), (7, 1), (7, 2)]
       surface = '#^0T^2'
  #269162: |dots|=8 dots=[(0, 0), (0, 6), (2, 1), (2, 3), (3, 1), (3, 3), (7, 0), (7, 6)]
       surface = '#^0T^2'
  #269491: |dots|=12 dots=[(0, 0), (0, 6), (2, 1), (2, 4), (3, 2), (3, 7), (4, 0), (4, 6), (6, 1), (6, 4), (7, 2), (7, 7)]
       surface = '#^0T^2'
  #269765: |dots|=12 dots=[(0, 0), (0, 6), (2, 1), (2, 5), (3, 2), (3, 6), (5, 1), (5, 7), (6, 0), (6, 2), (7, 5), (7, 7)]
       surface = '#^0T^2'
  #270098: |dots|=12 dots=[(0, 0), (0, 6), (2, 1), (2, 6), (3, 4), (3, 5), (4, 2), (4, 4), (6, 2), (6, 5), (7, 0), (7, 1)]
       surface = '#^0T^2'
  #270492: |dots|=12 dots=[(0, 0), (0, 6), (2, 2), (2, 3), (3, 1), (3, 4), (4, 0), (4, 6), (6, 2), (6, 3), (7, 1), (7, 4)]
       surface = '#^0T^2'
  #271193: |dots|=12 dots=[(0, 0), (0, 6), (2, 2), (2, 7), (3, 4), (3, 5), (4, 0), (4, 6), (6, 2), (6, 7), (7, 4), (7, 5)]
       surface = '#^0T^2'
  #271510: |dots|=12 dots=[(0, 0), (0, 6), (2, 3), (2, 4), (3, 6), (3, 7), (4, 2), (4, 4), (6, 0), (6, 7), (7, 2), (7, 3)]
       surface = '#^0T^2'
  #272300: |dots|=12 dots=[(0, 0), (0, 6), (2, 3), (2, 7), (3, 3), (3, 7), (5, 2), (5, 4), (6, 2), (6, 4), (7, 0), (7, 6)]
       surface = '#^0T^2'
  #272525: |dots|=12 dots=[(0, 0), (0, 6), (2, 4), (2, 5), (3, 2), (3, 3), (4, 0), (4, 6), (6, 4), (6, 5), (7, 2), (7, 3)]
       surface = '#^0T^2'
  #272918: |dots|=12 dots=[(0, 0), (0, 6), (2, 4), (2, 7), (3, 2), (3, 7), (4, 2), (4, 4), (6, 0), (6, 3), (7, 3), (7, 6)]
       surface = '#^0T^2'
  #273074: |dots|=12 dots=[(0, 0), (0, 6), (2, 5), (2, 6), (3, 0), (3, 5), (4, 2), (4, 4), (6, 1), (6, 2), (7, 1), (7, 4)]
       surface = '#^0T^2'
  #273287: |dots|=8 dots=[(0, 0), (0, 6), (2, 5), (2, 7), (3, 0), (3, 6), (7, 5), (7, 7)]
       surface = '#^0T^2'
  #273669: |dots|=12 dots=[(0, 0), (0, 6), (2, 6), (2, 7), (3, 4), (3, 5), (5, 3), (5, 5), (6, 0), (6, 7), (7, 3), (7, 4)]
       surface = '#^0T^2'
  #273832: |dots|=8 dots=[(0, 0), (0, 6), (3, 0), (3, 6), (4, 2), (4, 4), (7, 2), (7, 4)]
       surface = '#^0T^2'
  #273906: |dots|=8 dots=[(0, 0), (0, 6), (3, 1), (3, 3), (4, 0), (4, 6), (7, 1), (7, 3)]
       surface = '#^0T^2'
  #274071: |dots|=8 dots=[(0, 0), (0, 6), (3, 2), (3, 4), (4, 2), (4, 4), (7, 0), (7, 6)]
       surface = '#^0T^2'
  #274080: |dots|=12 dots=[(0, 0), (0, 6), (3, 2), (3, 4), (4, 3), (4, 7), (5, 0), (5, 6), (6, 2), (6, 4), (7, 3), (7, 7)]
       surface = '#^0T^2'
  #274435: |dots|=8 dots=[(0, 0), (0, 6), (3, 5), (3, 7), (4, 0), (4, 6), (7, 5), (7, 7)]
       surface = '#^0T^2'
  #274462: |dots|=12 dots=[(0, 0), (0, 6), (3, 5), (3, 7), (4, 3), (4, 7), (5, 3), (5, 5), (6, 0), (6, 2), (7, 2), (7, 6)]
       surface = '#^0T^2'
  #274552: |dots|=8 dots=[(0, 0), (0, 6), (4, 3), (4, 5), (5, 3), (5, 5), (7, 0), (7, 6)]
       surface = '#^0T^2'
  #274569: |dots|=8 dots=[(0, 0), (0, 6), (4, 5), (4, 7), (5, 0), (5, 6), (7, 5), (7, 7)]
       surface = '#^0T^2'
  #280415: |dots|=12 dots=[(0, 0), (0, 7), (1, 1), (1, 3), (3, 2), (3, 5), (4, 0), (4, 7), (5, 1), (5, 3), (7, 2), (7, 5)]
       surface = '#^0T^2'
  #283509: |dots|=12 dots=[(0, 0), (0, 7), (1, 1), (1, 6), (2, 3), (2, 5), (4, 0), (4, 7), (5, 1), (5, 6), (6, 3), (6, 5)]
       surface = '#^0T^2'
  #285122: |dots|=12 dots=[(0, 0), (0, 7), (1, 2), (1, 3), (2, 0), (2, 6), (4, 3), (4, 4), (5, 6), (5, 7), (6, 2), (6, 4)]
       surface = '#^0T^2'
  #285179: |dots|=12 dots=[(0, 0), (0, 7), (1, 2), (1, 3), (2, 0), (2, 7), (4, 5), (4, 6), (5, 2), (5, 3), (6, 5), (6, 6)]
       surface = '#^0T^2'
  #286772: |dots|=12 dots=[(0, 0), (0, 7), (1, 2), (1, 3), (3, 0), (3, 6), (4, 3), (4, 4), (5, 6), (5, 7), (7, 2), (7, 4)]
       surface = '#^0T^2'
  #286858: |dots|=8 dots=[(0, 0), (0, 7), (1, 2), (1, 3), (3, 2), (3, 3), (6, 0), (6, 7)]
       surface = '#^0T^2'
  #286915: |dots|=12 dots=[(0, 0), (0, 7), (1, 2), (1, 3), (3, 4), (3, 5), (4, 0), (4, 7), (5, 4), (5, 5), (7, 2), (7, 3)]
       surface = '#^0T^2'
  #286921: |dots|=12 dots=[(0, 0), (0, 7), (1, 2), (1, 3), (3, 4), (3, 6), (4, 2), (4, 3), (5, 0), (5, 7), (6, 4), (6, 6)]
       surface = '#^0T^2'
  #288355: |dots|=12 dots=[(0, 0), (0, 7), (1, 2), (1, 4), (2, 3), (2, 6), (4, 0), (4, 7), (5, 2), (5, 4), (6, 3), (6, 6)]
       surface = '#^0T^2'
  #289155: |dots|=12 dots=[(0, 0), (0, 7), (1, 2), (1, 4), (2, 6), (2, 7), (4, 3), (4, 4), (5, 0), (5, 6), (6, 2), (6, 3)]
       surface = '#^0T^2'
  #289280: |dots|=12 dots=[(0, 0), (0, 7), (1, 2), (1, 4), (3, 2), (3, 3), (4, 0), (4, 1), (6, 1), (6, 7), (7, 3), (7, 4)]
       surface = '#^0T^2'
  #291752: |dots|=12 dots=[(0, 0), (0, 7), (1, 2), (1, 5), (3, 4), (3, 6), (4, 0), (4, 7), (5, 2), (5, 5), (7, 4), (7, 6)]
       surface = '#^0T^2'
  #295128: |dots|=12 dots=[(0, 0), (0, 7), (1, 2), (1, 7), (2, 4), (2, 6), (4, 3), (4, 4), (5, 3), (5, 6), (6, 0), (6, 2)]
       surface = '#^0T^2'
  #295788: |dots|=12 dots=[(0, 0), (0, 7), (1, 3), (1, 4), (2, 0), (2, 6), (4, 6), (4, 7), (5, 4), (5, 5), (7, 3), (7, 5)]
       surface = '#^0T^2'
  #295893: |dots|=12 dots=[(0, 0), (0, 7), (1, 3), (1, 4), (2, 1), (2, 2), (4, 1), (4, 2), (5, 0), (5, 7), (6, 3), (6, 4)]
       surface = '#^0T^2'
  #297408: |dots|=12 dots=[(0, 0), (0, 7), (1, 3), (1, 4), (3, 0), (3, 7), (4, 3), (4, 4), (5, 1), (5, 2), (7, 1), (7, 2)]
       surface = '#^0T^2'
  #297578: |dots|=8 dots=[(0, 0), (0, 7), (1, 3), (1, 4), (4, 3), (4, 4), (5, 0), (5, 7)]
       surface = '#^0T^2'
  #299769: |dots|=12 dots=[(0, 0), (0, 7), (1, 3), (1, 5), (3, 0), (3, 1), (4, 3), (4, 4), (5, 1), (5, 7), (7, 4), (7, 5)]
       surface = '#^0T^2'
  #299829: |dots|=12 dots=[(0, 0), (0, 7), (1, 3), (1, 5), (3, 1), (3, 2), (4, 0), (4, 7), (5, 3), (5, 5), (7, 1), (7, 2)]
       surface = '#^0T^2'
  #302315: |dots|=12 dots=[(0, 0), (0, 7), (1, 3), (1, 6), (3, 4), (3, 6), (4, 3), (4, 4), (5, 2), (5, 7), (7, 0), (7, 2)]
       surface = '#^0T^2'
  #304061: |dots|=12 dots=[(0, 0), (0, 7), (1, 4), (1, 5), (2, 0), (2, 7), (4, 1), (4, 2), (5, 4), (5, 5), (6, 1), (6, 2)]
       surface = '#^0T^2'
  #304236: |dots|=12 dots=[(0, 0), (0, 7), (1, 4), (1, 5), (2, 1), (2, 3), (4, 4), (4, 5), (5, 0), (5, 7), (7, 1), (7, 3)]
       surface = '#^0T^2'
  #305669: |dots|=12 dots=[(0, 0), (0, 7), (1, 4), (1, 5), (3, 2), (3, 3), (4, 0), (4, 7), (5, 2), (5, 3), (7, 4), (7, 5)]
       surface = '#^0T^2'
  #305758: |dots|=8 dots=[(0, 0), (0, 7), (1, 4), (1, 5), (4, 0), (4, 7), (5, 4), (5, 5)]
       surface = '#^0T^2'
  #306797: |dots|=12 dots=[(0, 0), (0, 7), (1, 4), (1, 6), (2, 2), (2, 3), (4, 0), (4, 7), (5, 4), (5, 6), (6, 2), (6, 3)]
       surface = '#^0T^2'
  #307560: |dots|=12 dots=[(0, 0), (0, 7), (1, 4), (1, 6), (2, 3), (2, 6), (4, 3), (4, 4), (5, 0), (5, 2), (6, 2), (6, 7)]
       surface = '#^0T^2'
  #307989: |dots|=12 dots=[(0, 0), (0, 7), (1, 4), (1, 6), (3, 0), (3, 7), (4, 2), (4, 3), (6, 4), (6, 6), (7, 2), (7, 3)]
       surface = '#^0T^2'
  #309856: |dots|=12 dots=[(0, 0), (0, 7), (1, 5), (1, 6), (2, 1), (2, 2), (4, 5), (4, 6), (5, 1), (5, 2), (6, 0), (6, 7)]
       surface = '#^0T^2'
  #309963: |dots|=12 dots=[(0, 0), (0, 7), (1, 5), (1, 6), (2, 1), (2, 3), (4, 0), (4, 7), (5, 5), (5, 6), (6, 1), (6, 3)]
       surface = '#^0T^2'
  #311423: |dots|=8 dots=[(0, 0), (0, 7), (1, 5), (1, 6), (3, 0), (3, 7), (6, 5), (6, 6)]
       surface = '#^0T^2'
  #311506: |dots|=12 dots=[(0, 0), (0, 7), (1, 5), (1, 6), (3, 2), (3, 4), (4, 0), (4, 7), (5, 5), (5, 6), (7, 2), (7, 4)]
       surface = '#^0T^2'
  #311602: |dots|=12 dots=[(0, 0), (0, 7), (1, 5), (1, 6), (3, 4), (3, 6), (4, 0), (4, 1), (5, 4), (5, 5), (6, 1), (6, 7)]
       surface = '#^0T^2'
  #311618: |dots|=12 dots=[(0, 0), (0, 7), (1, 5), (1, 6), (3, 5), (3, 6), (4, 3), (4, 4), (5, 0), (5, 7), (7, 3), (7, 4)]
       surface = '#^0T^2'
  #312722: |dots|=12 dots=[(0, 0), (0, 7), (1, 5), (1, 7), (3, 0), (3, 5), (4, 3), (4, 4), (5, 1), (5, 3), (7, 1), (7, 4)]
       surface = '#^0T^2'
  #314672: |dots|=12 dots=[(0, 0), (0, 7), (2, 0), (2, 5), (3, 5), (3, 7), (4, 3), (4, 4), (6, 1), (6, 4), (7, 1), (7, 3)]
       surface = '#^0T^2'
  #314749: |dots|=12 dots=[(0, 0), (0, 7), (2, 0), (2, 6), (3, 2), (3, 3), (4, 6), (4, 7), (5, 1), (5, 3), (7, 1), (7, 2)]
       surface = '#^0T^2'
  #314902: |dots|=8 dots=[(0, 0), (0, 7), (2, 0), (2, 7), (3, 2), (3, 3), (5, 2), (5, 3)]
       surface = '#^0T^2'
  #314945: |dots|=12 dots=[(0, 0), (0, 7), (2, 0), (2, 7), (3, 5), (3, 6), (4, 1), (4, 2), (6, 5), (6, 6), (7, 1), (7, 2)]
       surface = '#^0T^2'
  #314965: |dots|=8 dots=[(0, 0), (0, 7), (2, 0), (2, 7), (4, 3), (4, 4), (6, 3), (6, 4)]
       surface = '#^0T^2'
  #314971: |dots|=8 dots=[(0, 0), (0, 7), (2, 0), (2, 7), (5, 4), (5, 5), (7, 4), (7, 5)]
       surface = '#^0T^2'
  #314988: |dots|=8 dots=[(0, 0), (0, 7), (2, 1), (2, 2), (3, 0), (3, 7), (5, 1), (5, 2)]
       surface = '#^0T^2'
  #315006: |dots|=12 dots=[(0, 0), (0, 7), (2, 1), (2, 2), (3, 4), (3, 5), (4, 1), (4, 2), (6, 0), (6, 7), (7, 4), (7, 5)]
       surface = '#^0T^2'
  #315046: |dots|=8 dots=[(0, 0), (0, 7), (2, 1), (2, 2), (4, 0), (4, 7), (6, 1), (6, 2)]
       surface = '#^0T^2'
  #315057: |dots|=8 dots=[(0, 0), (0, 7), (2, 1), (2, 2), (5, 0), (5, 7), (7, 1), (7, 2)]
       surface = '#^0T^2'
  #315099: |dots|=12 dots=[(0, 0), (0, 7), (2, 1), (2, 3), (3, 0), (3, 7), (4, 4), (4, 5), (5, 1), (5, 3), (7, 4), (7, 5)]
       surface = '#^0T^2'
  #315307: |dots|=12 dots=[(0, 0), (0, 7), (2, 1), (2, 4), (3, 3), (3, 5), (4, 0), (4, 7), (6, 1), (6, 4), (7, 3), (7, 5)]
       surface = '#^0T^2'
  #316144: |dots|=12 dots=[(0, 0), (0, 7), (2, 2), (2, 4), (3, 1), (3, 6), (4, 0), (4, 7), (6, 2), (6, 4), (7, 1), (7, 6)]
       surface = '#^0T^2'
  #316842: |dots|=12 dots=[(0, 0), (0, 7), (2, 3), (2, 4), (3, 0), (3, 7), (4, 5), (4, 6), (6, 5), (6, 6), (7, 3), (7, 4)]
       surface = '#^0T^2'
  #317066: |dots|=8 dots=[(0, 0), (0, 7), (2, 3), (2, 4), (4, 3), (4, 4), (6, 0), (6, 7)]
       surface = '#^0T^2'
  #317083: |dots|=12 dots=[(0, 0), (0, 7), (2, 3), (2, 5), (3, 0), (3, 1), (4, 3), (4, 4), (6, 1), (6, 7), (7, 4), (7, 5)]
       surface = '#^0T^2'
  #317840: |dots|=12 dots=[(0, 0), (0, 7), (2, 4), (2, 5), (3, 1), (3, 3), (4, 0), (4, 7), (6, 4), (6, 5), (7, 1), (7, 3)]
       surface = '#^0T^2'
  #317917: |dots|=12 dots=[(0, 0), (0, 7), (2, 4), (2, 5), (3, 1), (3, 7), (4, 3), (4, 4), (6, 0), (6, 1), (7, 3), (7, 5)]
       surface = '#^0T^2'
  #318158: |dots|=12 dots=[(0, 0), (0, 7), (2, 4), (2, 6), (3, 1), (3, 2), (4, 0), (4, 7), (6, 4), (6, 6), (7, 1), (7, 2)]
       surface = '#^0T^2'
  #318707: |dots|=12 dots=[(0, 0), (0, 7), (2, 5), (2, 6), (3, 2), (3, 3), (4, 5), (4, 6), (6, 0), (6, 7), (7, 2), (7, 3)]
       surface = '#^0T^2'
  #318829: |dots|=8 dots=[(0, 0), (0, 7), (2, 5), (2, 6), (4, 0), (4, 7), (6, 5), (6, 6)]
       surface = '#^0T^2'
  #318895: |dots|=12 dots=[(0, 0), (0, 7), (2, 5), (2, 7), (3, 1), (3, 4), (4, 3), (4, 4), (6, 1), (6, 3), (7, 0), (7, 5)]
       surface = '#^0T^2'
  #319416: |dots|=8 dots=[(0, 0), (0, 7), (3, 0), (3, 7), (4, 3), (4, 4), (7, 3), (7, 4)]
       surface = '#^0T^2'
  #319621: |dots|=8 dots=[(0, 0), (0, 7), (3, 2), (3, 3), (4, 0), (4, 7), (7, 2), (7, 3)]
       surface = '#^0T^2'
  #319891: |dots|=8 dots=[(0, 0), (0, 7), (3, 4), (3, 5), (5, 4), (5, 5), (6, 0), (6, 7)]
       surface = '#^0T^2'
  #319987: |dots|=8 dots=[(0, 0), (0, 7), (3, 5), (3, 6), (5, 0), (5, 7), (6, 5), (6, 6)]
       surface = '#^0T^2'

